29	21497	1
33	51838	1
52	401	1
53	50273	1
53	50455	1
64	16885	1
74	36972	1
89	64757	1
119	61740	1
145	56436	1
168	19112	1
174	24092	1
181	19858	1
190	17105	1
197	37393	1
243	31250	1
249	48101	1
254	49025	1
278	67618	1
279	26574	1
283	27707	1
328	32749	1
329	21151	1
347	1808	1
366	73986	1
373	1571	1
402	27441	1
402	72934	1
427	16628	1
451	1016	1
452	22614	1
462	13873	1
479	25396	1
497	69146	1
529	25091	1
555	7168	1
614	61779	1
616	8028	1
617	50444	1
617	58901	1
652	13084	1
656	12616	1
656	61256	1
686	64418	1
696	63299	1
700	51416	1
718	61052	1
758	53890	1
771	7592	1
776	50929	1
806	61377	1
811	61927	1
821	65101	1
830	8454	1
892	16783	1
906	69512	1
912	39	1
917	31973	1
926	49884	1
937	9538	1
941	12914	1
944	40454	1
949	37420	1
962	73838	1
974	7106	1
978	64079	1
980	9162	1
989	65943	1
1001	42295	1
1036	7339	1
1036	59106	1
1047	452	1
1060	36851	1
1063	60786	1
1100	17208	1
1109	50749	1
1125	70890	1
1134	71806	1
1167	22513	1
1187	37778	1
1198	1630	1
1218	42314	1
1220	50582	1
1224	42516	1
1343	46692	1
1353	38263	1
1372	25909	1
1379	18920	1
1395	66744	1
1409	29978	1
1416	63983	1
1437	65288	1
1444	5091	1
1467	25049	1
1468	45706	1
1487	53528	1
1488	16770	1
1502	23804	1
1511	53379	1
1514	4113	1
1521	17265	1
1541	5393	1
1621	59400	1
1647	54187	1
1655	52347	1
1661	9310	1
1716	21783	1
1720	20744	1
1727	7032	1
1747	66431	1
1751	49421	1
1776	73935	1
1780	35594	1
1787	24985	1
1802	9709	1
1806	44540	1
1811	9387	1
1852	45885	1
1882	49332	1
1892	71779	1
1893	71344	1
1927	65590	1
1930	35807	1
1953	71127	1
1957	37603	1
1958	43136	1
1967	55094	1
1972	2266	1
1983	46462	1
1993	71651	1
2002	40707	1
2076	35491	1
2150	62584	1
2176	37324	1
2199	72376	1
2204	24265	1
2219	72764	1
2264	43435	1
2264	57183	1
2265	56698	1
2266	32042	1
2283	41671	1
2298	50580	1
2302	44955	1
2312	29059	1
2314	73427	1
2343	2781	1
2349	56508	1
2356	10259	1
2363	33066	1
2373	29674	1
2396	64431	1
2407	32804	1
2434	5043	1
2448	28644	1
2497	58130	1
2515	30717	1
2540	33052	1
2552	6359	1
2621	74786	1
2666	51264	1
2703	58917	1
2746	3303	1
2759	6675	1
2793	11014	1
2796	55600	1
2816	42843	1
2817	3544	1
2880	43878	1
2893	37099	1
2901	51794	1
2914	20547	1
2929	3691	1
2934	13070	1
2938	52597	1
2940	9502	1
2952	36192	1
2953	39056	1
2975	72988	1
2978	61025	1
2985	38611	1
3016	21	1
3040	9250	1
3051	50564	1
3056	33296	1
3069	35899	1
3085	3934	1
3093	32129	1
3101	55146	1
3105	13956	1
3107	55507	1
3118	67231	1
3118	69848	1
3122	6123	1
3124	73330	1
3130	60735	1
3152	37930	1
3167	23710	1
3168	15777	1
3179	1213	1
3191	41860	1
3205	39249	1
3207	69479	1
3215	60003	1
3228	69308	1
3254	70775	1
3289	68759	1
3312	43174	1
3314	64020	1
3339	53348	1
3343	65622	1
3366	11584	1
3408	49292	1
3480	32744	1
3572	60808	1
3576	4553	1
3578	10529	1
3603	37432	1
3621	23034	1
3646	16573	1
3654	25247	1
3668	36721	1
3673	17434	1
3691	39542	1
3705	66274	1
3738	38813	1
3759	45477	1
3766	67162	1
3783	51204	1
3788	30231	1
3797	33344	1
3801	42289	1
3804	19312	1
3812	20933	1
3825	72081	1
3837	15700	1
3880	26536	1
3909	52291	1
3942	10951	1
3948	25875	1
3956	46087	1
3963	57509	1
3970	66658	1
3998	7571	1
3999	64377	1
4027	28067	1
4037	39835	1
4067	25808	1
4084	1042	1
4107	74934	1
4109	8288	1
4119	9682	1
4143	36741	1
4144	10469	1
4186	65030	1
4198	35314	1
4213	13565	1
4220	5195	1
4221	5778	1
4224	39370	1
4244	53895	1
4247	52963	1
4257	4717	1
4270	33464	1
4287	43013	1
4305	7330	1
4398	6830	1
4405	20068	1
4406	697	1
4425	53381	1
4434	14128	1
4436	22884	1
4444	9848	1
4462	35452	1
4467	24234	1
4470	17687	1
4478	8892	1
4485	67889	1
4511	60592	1
4546	30921	1
4554	26237	1
4565	39783	1
4581	50242	1
4616	63289	1
4637	52643	1
4640	71297	1
4671	75318	1
4693	68075	1
4696	28096	1
4700	20564	1
4704	20385	1
4719	5341	1
4749	21288	1
4768	25131	1
4786	29993	1
4830	38649	1
4838	72868	1
4855	61654	1
4865	70434	1
4891	24588	1
4900	71074	1
4905	65709	1
4918	24329	1
4987	38767	1
5033	27262	1
5063	54677	1
5067	35665	1
5068	24392	1
5098	29241	1
5111	51239	1
5121	4218	1
5122	23551	1
5209	12055	1
5216	45630	1
5231	67031	1
5235	26458	1
5245	54532	1
5247	72848	1
5284	68610	1
5300	423	1
5301	33127	1
5307	38668	1
5313	34166	1
5314	9509	1
5335	64777	1
5343	8930	1
5386	42144	1
5429	13124	1
5439	72158	1
5442	447	1
5446	1674	1
5463	21265	1
5471	20412	1
5496	15617	1
5498	70826	1
5509	944	1
5516	46042	1
5533	5248	1
5546	35217	1
5558	27759	1
5562	36519	1
5576	55148	1
5614	56840	1
5621	1793	1
5637	53294	1
5653	64951	1
5659	65623	1
5673	12593	1
5714	28497	1
5716	24297	1
5719	17414	1
5737	21847	1
5752	20026	1
5771	37250	1
5776	65338	1
5820	5965	1
5821	25953	1
5823	22497	1
5832	40456	1
5868	19166	1
5876	73653	1
5881	45657	1
5885	23168	1
5903	5030	1
5904	72288	1
5907	44692	1
5924	39147	1
5933	30632	1
5940	48805	1
5948	11305	1
5979	37932	1
5990	54939	1
6007	52248	1
6009	62755	1
6032	67272	1
6052	60752	1
6057	36956	1
6091	61980	1
6097	71377	1
6112	71357	1
6140	72420	1
6178	17153	1
6206	5908	1
6210	9453	1
6230	40244	1
6232	51267	1
6274	53197	1
6315	26875	1
6324	44440	1
6383	52856	1
6384	10108	1
6386	40825	1
6387	75858	1
6395	11277	1
6428	12503	1
6455	65652	1
6462	65235	1
6471	62216	1
6472	9604	1
6519	46349	1
6521	46728	1
6538	9839	1
6549	24102	1
6558	8347	1
6560	60118	1
6562	42230	1
6562	47379	1
6566	26782	1
6575	11187	1
6594	71481	1
6663	66061	1
6670	25302	1
6710	32686	1
6722	67471	1
6733	45270	1
6736	56224	1
6758	7006	1
6758	18801	1
6773	9747	1
6788	26534	1
6803	39701	1
6806	4282	1
6806	38386	1
6830	35946	1
6845	44881	1
6885	15579	1
6898	17193	1
6916	8060	1
6925	52026	1
6947	34323	1
6954	12083	1
6972	71901	1
6977	61240	1
6981	37169	1
6997	3960	1
7000	73921	1
7024	10074	1
7045	10054	1
7048	20100	1
7051	21289	1
7071	12616	1
7135	55191	1
7143	62032	1
7161	27810	1
7183	72373	1
7202	16790	1
7259	7055	1
7275	24163	1
7305	398	1
7313	6334	1
7345	2510	1
7395	18708	1
7397	43603	1
7418	29548	1
7442	27160	1
7455	65435	1
7457	70223	1
7472	58803	1
7476	11201	1
7483	25404	1
7495	11605	1
7498	31025	1
7543	57575	1
7549	23038	1
7565	66323	1
7612	61070	1
7613	50030	1
7624	12524	1
7630	17406	1
7641	65239	1
7643	55723	1
7667	24457	1
7672	10672	1
7702	28736	1
7708	28718	1
7727	21560	1
7727	47067	1
7731	56956	1
7741	75355	1
7745	1975	1
7751	48853	1
7788	18885	1
7844	10144	1
7845	62168	1
7852	506	1
7862	26647	1
7878	25300	1
7882	14738	1
7930	36705	1
7936	35950	1
7969	49930	1
7980	44352	1
7990	30934	1
7998	20950	1
8045	34070	1
8053	56929	1
8056	58241	1
8061	20440	1
8062	35017	1
8068	37818	1
8074	47855	1
8135	49984	1
8172	28294	1
8194	42612	1
8195	2408	1
8216	48787	1
8223	36895	1
8228	60529	1
8231	69645	1
8260	7638	1
8361	22562	1
8383	8866	1
8396	23822	1
8403	47764	1
8423	48022	1
8444	1146	1
8462	1999	1
8471	12297	1
8474	7057	1
8484	44037	1
8486	847	1
8486	60048	1
8518	59608	1
8521	52416	1
8556	71037	1
8560	10309	1
8580	4892	1
8583	9630	1
8600	73222	1
8601	3349	1
8613	33227	1
8615	69987	1
8650	21881	1
8662	58853	1
8682	11129	1
8682	73161	1
8689	36346	1
8705	3516	1
8736	17740	1
8792	5014	1
8799	73807	1
8802	21273	1
8829	23056	1
8872	29655	1
8904	15423	1
8927	42817	1
8931	43181	1
8932	32337	1
8941	20607	1
8968	33781	1
8977	29874	1
8985	18982	1
9000	56347	1
9003	17699	1
9011	39635	1
9041	33694	1
9060	45776	1
9061	54093	1
9065	52257	1
9081	4288	1
9113	36238	1
9120	23297	1
9132	39725	1
9184	53198	1
9192	67604	1
9198	51200	1
9227	43144	1
9253	57539	1
9262	66075	1
9271	75226	1
9279	67255	1
9292	42260	1
9299	18759	1
9308	37050	1
9315	70813	1
9339	34716	1
9340	66357	1
9361	11661	1
9388	68954	1
9402	4998	1
9480	37790	1
9498	67940	1
9524	58754	1
9558	12951	1
9576	7958	1
9593	20895	1
9629	41105	1
9665	2440	1
9713	47423	1
9733	15576	1
9756	22007	1
9771	69747	1
9792	26547	1
9875	34358	1
9880	34457	1
9880	66162	1
9905	44655	1
9912	5838	1
9912	27197	1
9916	15223	1
9931	35441	1
9933	37503	1
9946	15594	1
9956	73279	1
10013	3440	1
10028	16837	1
10043	42953	1
10071	57430	1
10073	12902	1
10081	2209	1
10090	17535	1
10094	14646	1
10095	5282	1
10108	71744	1
10135	64257	1
10142	43437	1
10185	1045	1
10197	26285	1
10207	51775	1
10213	30419	1
10261	41005	1
10274	6254	1
10304	73231	1
10308	65296	1
10331	10713	1
10332	3541	1
10338	41852	1
10381	31601	1
10382	9586	1
10387	54072	1
10425	46541	1
10435	27445	1
10447	73526	1
10450	59344	1
10472	16715	1
10514	47964	1
10517	59973	1
10577	69859	1
10580	31105	1
10588	72606	1
10592	58291	1
10620	43988	1
10623	39765	1
10629	51448	1
10638	68950	1
10678	5301	1
10681	16669	1
10702	66654	1
10709	53516	1
10727	70243	1
10739	8493	1
10761	22233	1
10768	74212	1
10771	14107	1
10774	26692	1
10794	15071	1
10803	57655	1
10806	34289	1
10812	36939	1
10826	26329	1
10874	27346	1
10926	75750	1
10944	53179	1
10969	74668	1
11015	52866	1
11020	68118	1
11071	42377	1
11091	3333	1
11099	33922	1
11114	39021	1
11128	15029	1
11135	41296	1
11140	33272	1
11177	27111	1
11178	44306	1
11185	32106	1
11187	25181	1
11191	61669	1
11198	64733	1
11202	63625	1
11210	3784	1
11229	63812	1
11246	1106	1
11246	21008	1
11246	48138	1
11259	14836	1
11269	29756	1
11295	67265	1
11296	37751	1
11297	51739	1
11350	42321	1
11369	60493	1
11382	68729	1
11387	21350	1
11412	56960	1
11434	30614	1
11439	33674	1
11454	14756	1
11472	1089	1
11474	42265	1
11476	71112	1
11481	51215	1
11494	63622	1
11510	4678	1
11515	3478	1
11515	53194	1
11523	13481	1
11600	59334	1
11603	52627	1
11617	25208	1
11631	72583	1
11651	3337	1
11698	19031	1
11699	21149	1
11704	39194	1
11722	10516	1
11768	17287	1
11808	28925	1
11854	55266	1
11855	46649	1
11867	22129	1
11874	46316	1
11884	45299	1
11919	6857	1
11927	20578	1
11929	24345	1
11985	51056	1
11986	30972	1
12051	56066	1
12068	618	1
12099	56415	1
12111	35187	1
12114	11411	1
12121	48933	1
12128	30037	1
12130	10454	1
12151	17423	1
12158	62757	1
12175	38684	1
12188	7630	1
12231	64139	1
12232	59507	1
12241	72320	1
12289	50774	1
12311	62127	1
12317	29753	1
12333	17495	1
12336	69800	1
12345	75572	1
12371	65227	1
12373	58570	1
12410	51936	1
12414	38285	1
12416	15173	1
12419	74799	1
12431	4477	1
12470	2978	1
12477	72233	1
12488	29788	1
12530	25220	1
12541	26641	1
12581	11531	1
12582	53371	1
12583	9734	1
12595	10989	1
12610	13841	1
12646	70401	1
12701	52517	1
12702	70915	1
12741	46427	1
12750	12864	1
12750	41387	1
12756	62114	1
12758	1321	1
12765	72539	1
12779	31942	1
12784	68445	1
12806	47117	1
12809	16669	1
12816	45450	1
12827	8377	1
12867	52127	1
12873	36950	1
12883	17711	1
12884	18920	1
12884	30644	1
12944	5441	1
12973	63045	1
12978	38581	1
12981	70336	1
13006	21767	1
13019	74997	1
13031	55207	1
13049	27403	1
13057	75574	1
13062	73355	1
13073	54945	1
13078	44904	1
13092	71260	1
13111	25115	1
13125	72095	1
13149	24190	1
13162	7254	1
13173	37171	1
13192	40264	1
13237	13248	1
13239	2015	1
13247	40829	1
13247	70583	1
13251	54746	1
13258	4790	1
13260	57885	1
13271	30585	1
13282	21050	1
13283	27962	1
13295	26702	1
13329	65050	1
13339	26514	1
13360	31003	1
13381	58001	1
13383	20936	1
13423	63792	1
13430	10343	1
13439	71491	1
13442	35680	1
13449	1150	1
13504	43407	1
13527	62172	1
13528	68903	1
13538	8570	1
13542	49641	1
13557	7017	1
13566	65848	1
13577	10045	1
13580	52708	1
13581	57003	1
13583	49405	1
13597	1229	1
13604	41418	1
13626	66577	1
13641	10817	1
13658	20618	1
13663	31205	1
13679	9393	1
13692	47851	1
13694	62929	1
13701	51357	1
13702	45620	1
13729	54071	1
13738	52461	1
13792	17536	1
13822	15753	1
13824	73075	1
13861	51531	1
13941	15746	1
13943	12058	1
13987	3924	1
14022	62898	1
14039	48478	1
14042	47581	1
14056	66366	1
14077	66919	1
14082	49421	1
14090	54238	1
14159	56397	1
14181	3402	1
14183	57443	1
14185	57468	1
14189	24549	1
14194	13597	1
14199	71723	1
14212	63818	1
14223	74653	1
14249	56587	1
14278	45844	1
14286	33253	1
14297	4350	1
14315	19105	1
14354	59911	1
14364	609	1
14367	4194	1
14368	16693	1
14369	51294	1
14426	73821	1
14442	63652	1
14443	53472	1
14479	20775	1
14482	55199	1
14485	60592	1
14517	34885	1
14533	38241	1
14535	39012	1
14581	2237	1
14592	37358	1
14601	27083	1
14621	70893	1
14640	42189	1
14668	68211	1
14688	35532	1
14691	69196	1
14707	5307	1
14709	65222	1
14736	19849	1
14746	62925	1
14757	7804	1
14766	44291	1
14774	74550	1
14777	8019	1
14811	19170	1
14813	29562	1
14842	23231	1
14842	34809	1
14860	824	1
14868	68066	1
14874	52557	1
14886	20098	1
14917	21081	1
14934	691	1
14941	70842	1
14954	62281	1
14962	55047	1
14970	38227	1
14990	72813	1
15013	63363	1
15032	31633	1
15035	27050	1
15042	39536	1
15059	10118	1
15087	4587	1
15088	64824	1
15115	5217	1
15121	2003	1
15139	41260	1
15148	64418	1
15149	30982	1
15155	71827	1
15157	64308	1
15178	48747	1
15183	23705	1
15199	73664	1
15209	53316	1
15223	7578	1
15225	50198	1
15244	62388	1
15261	75399	1
15262	30596	1
15270	534	1
15295	11328	1
15301	72303	1
15321	75079	1
15342	3803	1
15358	66377	1
15381	61334	1
15416	68619	1
15419	39190	1
15429	48428	1
15446	46354	1
15469	11994	1
15484	67126	1
15497	50094	1
15498	17801	1
15504	4554	1
15529	3272	1
15541	47967	1
15549	69952	1
15575	69208	1
15581	51344	1
15597	56885	1
15694	73808	1
15718	13017	1
15726	70022	1
15732	26701	1
15765	62212	1
15770	10517	1
15799	8433	1
15814	22649	1
15822	28410	1
15828	26095	1
15849	21876	1
15919	47600	1
15936	22499	1
15967	48722	1
15969	41337	1
15981	43714	1
16035	65142	1
16043	12211	1
16043	55196	1
16047	50349	1
16058	53571	1
16073	1505	1
16096	12839	1
16133	3859	1
16133	60316	1
16263	18001	1
16293	24570	1
16298	39988	1
16311	29229	1
16329	62123	1
16337	27350	1
16351	9108	1
16351	72206	1
16398	62838	1
16404	31273	1
16425	28899	1
16450	54249	1
16480	49619	1
16487	56203	1
16499	39197	1
16501	63486	1
16508	36471	1
16538	71038	1
16544	5087	1
16563	13132	1
16568	57326	1
16577	6644	1
16586	13106	1
16605	25545	1
16630	31708	1
16632	74379	1
16633	71515	1
16635	71826	1
16671	18006	1
16675	47054	1
16723	15630	1
16755	16049	1
16786	70066	1
16793	58083	1
16808	32425	1
16821	39197	1
16853	15559	1
16858	16874	1
16858	29445	1
16869	19966	1
16881	48512	1
16941	26639	1
16950	53967	1
16986	14718	1
17003	883	1
17016	45075	1
17024	30207	1
17028	1516	1
17075	74856	1
17117	922	1
17175	5915	1
17196	18484	1
17202	29927	1
17205	23511	1
17212	27031	1
17215	8820	1
17244	23622	1
17244	48757	1
17270	30511	1
17271	62880	1
17283	38315	1
17306	33289	1
17321	28648	1
17340	37687	1
17359	72272	1
17377	38929	1
17406	66617	1
17406	73828	1
17409	37957	1
17444	50108	1
17471	62047	1
17473	12157	1
17485	54023	1
17516	65889	1
17611	30101	1
17628	14782	1
17634	57317	1
17637	5529	1
17642	21370	1
17664	72929	1
17669	65890	1
17728	55420	1
17760	65118	1
17761	73139	1
17780	64717	1
17804	15410	1
17821	72483	1
17844	74328	1
17861	53142	1
17884	31531	1
17950	36528	1
17966	31248	1
17971	27570	1
18004	30680	1
18031	18097	1
18053	49992	1
18069	41026	1
18083	29609	1
18109	65860	1
18152	59622	1
18206	34415	1
18214	4775	1
18252	21973	1
18264	12872	1
18270	51736	1
18285	37164	1
18303	27807	1
18336	58891	1
18348	23469	1
18366	50794	1
18367	48636	1
18375	9015	1
18393	62378	1
18407	39509	1
18422	47829	1
18429	1530	1
18453	52326	1
18506	32611	1
18523	69209	1
18528	68927	1
18544	47314	1
18587	18687	1
18601	2382	1
18607	27960	1
18631	62482	1
18634	17320	1
18651	45192	1
18671	45966	1
18685	52064	1
18689	36236	1
18691	8451	1
18727	68529	1
18751	11524	1
18753	43093	1
18761	57987	1
18786	15963	1
18787	50255	1
18791	36471	1
18807	42228	1
18809	4374	1
18814	63930	1
18818	21736	1
18829	72039	1
18842	65516	1
18853	25167	1
18863	600	1
18864	26039	1
18904	57613	1
18919	61530	1
18955	4095	1
18965	14771	1
18972	60033	1
18984	21957	1
18989	41147	1
18990	19884	1
19004	44648	1
19010	66818	1
19042	65594	1
19042	71217	1
19065	75194	1
19066	58290	1
19091	16693	1
19105	45988	1
19131	14310	1
19169	9252	1
19176	12308	1
19176	71702	1
19180	14340	1
19183	49267	1
19191	31014	1
19201	70797	1
19229	59550	1
19231	15868	1
19271	9370	1
19324	56819	1
19326	45276	1
19337	52773	1
19357	47822	1
19378	42069	1
19401	46388	1
19412	66394	1
19450	63680	1
19475	19697	1
19476	18220	1
19478	36210	1
19491	64538	1
19502	44916	1
19522	50971	1
19581	35294	1
19597	46175	1
19606	45132	1
19647	62844	1
19668	53351	1
19671	6696	1
19677	4429	1
19678	69529	1
19694	44966	1
19699	69613	1
19700	41496	1
19721	5181	1
19760	24749	1
19763	4149	1
19769	75489	1
19786	60090	1
19786	64094	1
19792	28917	1
19798	55275	1
19814	63296	1
19833	44724	1
19909	61931	1
19960	12798	1
19962	17874	1
19991	24558	1
20018	28889	1
20019	32496	1
20073	5290	1
20086	72907	1
20091	19391	1
20093	56034	1
20093	73363	1
20095	46460	1
20118	46885	1
20126	21820	1
20182	56331	1
20206	3227	1
20212	22080	1
20268	66362	1
20274	26114	1
20275	34419	1
20280	3207	1
20283	88	1
20283	21800	1
20286	20484	1
20308	14767	1
20312	18436	1
20316	51280	1
20355	28788	1
20377	19219	1
20385	5187	1
20416	15063	1
20424	34714	1
20432	35885	1
20433	39135	1
20435	31715	1
20445	44615	1
20453	43155	1
20458	31017	1
20469	22818	1
20469	26680	1
20512	55153	1
20528	19681	1
20563	13683	1
20619	47465	1
20638	13803	1
20642	11347	1
20679	36300	1
20683	60481	1
20687	54030	1
20725	12324	1
20740	7987	1
20794	44512	1
20796	40755	1
20881	57811	1
20931	75232	1
20978	15107	1
20983	51480	1
20999	65023	1
21011	21602	1
21027	1967	1
21046	16429	1
21048	70448	1
21066	3677	1
21101	23416	1
21104	53990	1
21118	7053	1
21133	70218	1
21152	27935	1
21156	44377	1
21164	13714	1
21205	43987	1
21214	13813	1
21251	9001	1
21255	36304	1
21258	69615	1
21260	17265	1
21280	68274	1
21289	56771	1
21292	26687	1
21305	67993	1
21331	69867	1
21356	24866	1
21387	5108	1
21409	21222	1
21423	28677	1
21461	16644	1
21467	53909	1
21471	27967	1
21472	41554	1
21474	62914	1
21476	38284	1
21478	39930	1
21495	37929	1
21504	46428	1
21516	71012	1
21519	55715	1
21525	41119	1
21551	36317	1
21555	17640	1
21561	45677	1
21577	31073	1
21599	30264	1
21601	6609	1
21604	60661	1
21617	21460	1
21625	19252	1
21632	72359	1
21642	57122	1
21647	73080	1
21647	74976	1
21650	2098	1
21656	28904	1
21671	18634	1
21715	67817	1
21721	21610	1
21725	52077	1
21727	31114	1
21727	43392	1
21763	32866	1
21777	14051	1
21782	71014	1
21811	33485	1
21814	55795	1
21818	15992	1
21818	59276	1
21837	30198	1
21857	58661	1
21882	25826	1
21899	17681	1
21915	18323	1
21924	47451	1
21927	41404	1
21964	70354	1
21967	5895	1
21975	53039	1
21979	10481	1
21996	58822	1
22029	22407	1
22061	58679	1
22132	68829	1
22137	19143	1
22159	75158	1
22176	6903	1
22188	14208	1
22196	71121	1
22197	63079	1
22203	33969	1
22209	43156	1
22227	16714	1
22230	22976	1
22231	44694	1
22239	48148	1
22256	56150	1
22257	10190	1
22267	47244	1
22273	22287	1
22274	9212	1
22274	44934	1
22284	37654	1
22331	11874	1
22350	34406	1
22370	34973	1
22396	26667	1
22396	70813	1
22400	25126	1
22426	46936	1
22474	44850	1
22516	44650	1
22529	14530	1
22570	2422	1
22609	31989	1
22614	1468	1
22625	43193	1
22626	43107	1
22644	9062	1
22648	243	1
22655	66894	1
22671	38850	1
22715	5413	1
22726	19837	1
22727	58066	1
22735	5570	1
22741	3715	1
22742	34594	1
22750	23130	1
22754	62698	1
22797	24897	1
22798	16627	1
22805	71119	1
22807	71793	1
22846	9204	1
22858	28895	1
22859	41777	1
22870	24450	1
22886	41018	1
22922	35246	1
22975	2732	1
22995	2111	1
23019	46428	1
23028	7235	1
23038	29061	1
23043	24826	1
23067	69662	1
23110	30485	1
23116	60363	1
23139	10722	1
23139	35990	1
23140	46492	1
23168	41406	1
23203	55754	1
23223	40250	1
23256	16041	1
23261	6886	1
23285	1091	1
23298	57540	1
23310	20712	1
23310	63595	1
23316	59208	1
23347	47351	1
23384	17844	1
23416	7203	1
23446	47375	1
23465	55506	1
23494	29194	1
23558	32742	1
23591	50361	1
23593	37232	1
23636	52942	1
23639	10542	1
23650	7631	1
23654	58901	1
23655	7884	1
23669	61667	1
23708	19968	1
23716	38984	1
23763	69825	1
23776	69466	1
23788	44114	1
23837	56366	1
23838	2467	1
23851	27390	1
23851	67807	1
23874	40182	1
23876	54567	1
23880	16310	1
23891	3774	1
23915	22733	1
23926	27538	1
23957	21952	1
23959	56023	1
23962	9772	1
23968	60957	1
24023	35440	1
24034	74734	1
24054	18383	1
24082	19530	1
24085	24471	1
24109	6320	1
24160	17188	1
24173	59604	1
24229	25192	1
24238	70130	1
24253	21381	1
24294	31216	1
24301	21135	1
24324	64763	1
24334	32453	1
24341	63738	1
24350	42438	1
24366	36249	1
24368	58512	1
24373	68049	1
24391	9274	1
24407	16034	1
24423	70133	1
24453	47129	1
24472	34945	1
24477	63599	1
24484	11026	1
24487	405	1
24511	42349	1
24521	63353	1
24550	5713	1
24557	64964	1
24583	70801	1
24585	52775	1
24599	59890	1
24602	8568	1
24645	12582	1
24647	21329	1
24651	48025	1
24667	43098	1
24673	73207	1
24676	11931	1
24707	57851	1
24708	316	1
24739	12676	1
24804	11256	1
24806	22717	1
24813	35334	1
24814	54252	1
24836	36068	1
24853	60332	1
24873	53390	1
24876	8144	1
24876	69691	1
24883	73201	1
24888	42716	1
24897	30436	1
24920	25013	1
24920	53728	1
24929	63652	1
24931	23145	1
24932	8307	1
24955	34242	1
24980	5312	1
24991	48820	1
24995	5314	1
25002	16006	1
25043	46041	1
25047	47582	1
25054	43584	1
25076	1532	1
25105	33178	1
25127	1452	1
25186	12979	1
25193	23369	1
25198	19064	1
25205	70073	1
25216	37376	1
25278	22049	1
25303	47557	1
25309	3635	1
25318	53267	1
25329	31320	1
25371	11118	1
25388	73635	1
25390	31882	1
25425	16263	1
25432	38236	1
25441	12505	1
25465	70068	1
25482	62111	1
25491	46316	1
25511	9394	1
25513	18246	1
25529	72941	1
25548	53651	1
25587	15859	1
25588	53009	1
25590	28690	1
25591	52942	1
25593	8537	1
25593	70263	1
25597	73670	1
25612	8873	1
25621	1041	1
25633	61424	1
25641	66621	1
25654	35048	1
25684	22330	1
25729	12249	1
25731	16181	1
25736	7040	1
25762	29605	1
25762	38421	1
25804	59506	1
25821	58996	1
25828	11153	1
25850	63030	1
25897	52784	1
25913	18192	1
25919	47672	1
25928	37523	1
25937	21080	1
25951	41410	1
25960	20870	1
25971	24003	1
25993	6864	1
26001	12594	1
26014	13144	1
26016	40694	1
26030	21282	1
26082	12976	1
26099	56708	1
26108	53065	1
26112	29977	1
26129	9965	1
26136	72317	1
26154	46353	1
26173	75497	1
26195	37029	1
26208	43602	1
26275	21380	1
26299	58545	1
26305	32345	1
26310	56204	1
26311	48478	1
26322	15882	1
26354	71542	1
26386	32860	1
26401	28973	1
26408	34100	1
26408	43462	1
26416	48100	1
26445	42851	1
26481	12876	1
26553	44003	1
26554	58651	1
26556	61069	1
26562	14526	1
26562	33859	1
26573	49111	1
26612	50794	1
26620	54637	1
26622	47212	1
26635	75836	1
26659	2197	1
26668	50197	1
26679	53315	1
26681	71982	1
26709	37170	1
26720	73038	1
26723	22240	1
26746	42258	1
26766	74883	1
26778	47303	1
26792	107	1
26802	60870	1
26804	16500	1
26834	10284	1
26858	2936	1
26860	605	1
26864	75	1
26866	12650	1
26871	21443	1
26878	59319	1
26896	7264	1
26896	36918	1
26929	41936	1
26930	30883	1
26943	75232	1
26985	59537	1
26987	3683	1
27041	39312	1
27060	35053	1
27069	59789	1
27127	37918	1
27134	20116	1
27164	33362	1
27186	20707	1
27240	27913	1
27306	62381	1
27355	36814	1
27362	37692	1
27365	2275	1
27376	19576	1
27376	65546	1
27419	3437	1
27448	50923	1
27454	50915	1
27462	55768	1
27466	60092	1
27502	63311	1
27516	42017	1
27518	1515	1
27521	2050	1
27521	12092	1
27527	44338	1
27549	34053	1
27558	63437	1
27577	5409	1
27593	67761	1
27603	26811	1
27605	23642	1
27622	5340	1
27639	54965	1
27675	49615	1
27680	45435	1
27680	72798	1
27685	48317	1
27698	46783	1
27702	62396	1
27707	9242	1
27707	39716	1
27710	10783	1
27717	46684	1
27719	46981	1
27721	66985	1
27779	65656	1
27784	30208	1
27789	7482	1
27802	12229	1
27805	24875	1
27818	53731	1
27819	11567	1
27851	22788	1
27872	73894	1
27875	1085	1
27899	74516	1
27918	60235	1
27939	17181	1
28042	71939	1
28045	60061	1
28048	44903	1
28059	58651	1
28086	51206	1
28098	51854	1
28099	3740	1
28124	39234	1
28135	10639	1
28143	31144	1
28184	52068	1
28202	60258	1
28204	20547	1
28227	46303	1
28229	64502	1
28244	43198	1
28244	66454	1
28272	42674	1
28287	47621	1
28309	75117	1
28319	35102	1
28344	14553	1
28378	70817	1
28429	29918	1
28437	39965	1
28455	33437	1
28466	49765	1
28479	27967	1
28481	7323	1
28483	35083	1
28517	24653	1
28563	14145	1
28566	59691	1
28585	57268	1
28588	30428	1
28607	10991	1
28630	31209	1
28639	29723	1
28652	62324	1
28686	23197	1
28691	73359	1
28693	27423	1
28694	13084	1
28724	41441	1
28756	58974	1
28780	57585	1
28788	7335	1
28800	41034	1
28801	11314	1
28803	43509	1
28838	48074	1
28850	5586	1
28854	8724	1
28862	53615	1
28895	8829	1
28903	46080	1
28905	72334	1
28918	71020	1
28924	26481	1
28928	54935	1
28949	51384	1
28955	20130	1
28979	24015	1
29037	69762	1
29051	67835	1
29051	73124	1
29061	34450	1
29076	55301	1
29140	32695	1
29143	56734	1
29173	50110	1
29175	9063	1
29204	53090	1
29209	52408	1
29259	53892	1
29263	74054	1
29281	55848	1
29289	20261	1
29306	10442	1
29314	34434	1
29329	27293	1
29338	38759	1
29351	16938	1
29366	57806	1
29381	68879	1
29386	73764	1
29402	12861	1
29404	21684	1
29412	17042	1
29432	29533	1
29447	1487	1
29482	43715	1
29513	61717	1
29515	63102	1
29517	64147	1
29531	72537	1
29549	47301	1
29554	45296	1
29567	34687	1
29577	38608	1
29585	5027	1
29608	27374	1
29613	7778	1
29617	18669	1
29641	37717	1
29701	68405	1
29702	9018	1
29751	60085	1
29777	64506	1
29821	13286	1
29830	51538	1
29831	62033	1
29920	40102	1
29932	67892	1
29945	41915	1
29949	42104	1
29967	23867	1
29992	8736	1
29997	39887	1
30022	21564	1
30028	71643	1
30064	42304	1
30100	73504	1
30122	35670	1
30142	36737	1
30157	62501	1
30183	23059	1
30186	29947	1
30193	638	1
30204	42060	1
30217	66226	1
30239	65424	1
30259	69139	1
30273	51061	1
30276	32883	1
30278	5930	1
30302	48881	1
30333	32708	1
30339	32566	1
30357	2448	1
30369	20423	1
30400	59738	1
30416	19489	1
30424	65051	1
30432	10854	1
30442	31254	1
30445	33575	1
30452	7245	1
30454	45887	1
30464	30967	1
30467	42436	1
30472	20630	1
30474	10473	1
30506	44988	1
30573	24266	1
30583	56571	1
30584	25914	1
30614	62541	1
30615	6425	1
30643	53125	1
30661	15206	1
30729	23859	1
30737	9808	1
30759	66513	1
30788	66281	1
30801	16200	1
30804	14998	1
30805	44033	1
30817	3013	1
30846	2714	1
30914	57773	1
30937	59944	1
30947	37421	1
30955	69866	1
31000	9600	1
31002	7238	1
31004	58349	1
31007	52147	1
31015	7434	1
31022	23267	1
31023	73060	1
31048	32724	1
31069	63231	1
31081	60930	1
31092	24216	1
31095	68011	1
31096	8103	1
31101	17932	1
31118	15259	1
31136	26620	1
31137	20580	1
31172	2675	1
31174	59579	1
31179	38520	1
31182	63226	1
31244	46311	1
31262	43671	1
31277	25624	1
31330	20989	1
31374	73801	1
31389	71237	1
31430	48314	1
31434	54136	1
31452	33391	1
31457	59454	1
31465	64246	1
31475	34972	1
31511	50420	1
31529	7655	1
31530	47188	1
31531	4501	1
31549	49522	1
31555	43032	1
31583	3729	1
31586	14872	1
31602	68680	1
31618	18345	1
31631	37564	1
31645	23243	1
31646	62097	1
31655	49725	1
31664	45789	1
31665	52547	1
31669	18619	1
31676	19580	1
31719	44508	1
31735	3318	1
31742	30155	1
31745	51864	1
31754	58169	1
31758	55195	1
31806	43084	1
31810	65519	1
31829	49647	1
31864	37664	1
31886	64366	1
31902	26102	1
31937	45989	1
31965	8055	1
32011	18049	1
32077	14141	1
32098	51404	1
32113	32912	1
32118	3733	1
32142	33671	1
32155	12736	1
32163	24293	1
32163	26837	1
32169	9497	1
32170	24843	1
32171	17008	1
32207	15083	1
32218	10562	1
32221	26331	1
32224	36088	1
32225	65431	1
32227	59782	1
32231	58033	1
32256	68324	1
32293	10024	1
32302	18929	1
32309	35162	1
32320	45324	1
32346	10415	1
32383	13486	1
32394	66510	1
32411	23429	1
32422	32183	1
32423	70544	1
32428	24207	1
32466	19223	1
32492	30104	1
32508	1878	1
32551	9494	1
32586	68046	1
32601	16541	1
32618	27373	1
32621	12025	1
32630	74595	1
32641	19137	1
32653	17292	1
32653	64699	1
32692	48538	1
32698	50835	1
32709	68265	1
32733	16839	1
32744	43592	1
32749	51412	1
32759	4873	1
32762	26172	1
32786	17751	1
32806	69532	1
32840	40755	1
32848	9461	1
32870	4032	1
32875	8545	1
32882	43132	1
32905	29000	1
32955	20290	1
33002	43369	1
33022	50176	1
33049	17992	1
33081	70880	1
33111	34033	1
33140	32193	1
33175	58560	1
33178	7869	1
33184	65134	1
33187	26922	1
33190	26257	1
33196	43291	1
33201	49375	1
33223	52514	1
33227	70991	1
33231	30635	1
33256	57490	1
33277	12937	1
33296	37014	1
33298	37320	1
33300	33465	1
33300	62124	1
33309	21035	1
33315	30766	1
33320	6915	1
33321	1265	1
33322	14871	1
33343	61169	1
33356	2639	1
33380	54637	1
33386	47518	1
33390	16925	1
33409	10598	1
33434	46252	1
33475	706	1
33488	17401	1
33501	50684	1
33523	66752	1
33538	21429	1
33569	64980	1
33590	27187	1
33596	37627	1
33634	67728	1
33655	39910	1
33669	63078	1
33673	27715	1
33712	72011	1
33723	35547	1
33743	11271	1
33751	22715	1
33796	6065	1
33807	31555	1
33844	69778	1
33851	30054	1
33857	44224	1
33882	55069	1
33886	26669	1
33887	65628	1
33896	37938	1
33909	39236	1
33910	5105	1
33916	20499	1
33918	20209	1
33932	47206	1
33944	55789	1
33949	71742	1
33980	33325	1
33984	27186	1
34004	38044	1
34026	54050	1
34056	46934	1
34058	97	1
34064	61567	1
34070	43079	1
34082	7314	1
34086	44876	1
34128	15474	1
34128	55485	1
34130	46095	1
34154	5575	1
34156	56469	1
34158	71442	1
34206	33730	1
34215	29346	1
34221	5826	1
34238	57151	1
34280	28775	1
34299	35921	1
34341	75151	1
34351	25391	1
34353	9138	1
34391	46585	1
34433	7168	1
34442	33097	1
34443	17558	1
34451	68391	1
34457	38363	1
34458	5067	1
34477	58419	1
34539	62817	1
34554	39597	1
34557	10470	1
34570	34332	1
34623	30298	1
34636	52249	1
34641	42337	1
34667	4755	1
34690	34188	1
34709	39988	1
34713	5046	1
34728	66466	1
34745	63538	1
34800	12475	1
34820	8028	1
34829	66171	1
34836	63315	1
34839	41738	1
34845	4065	1
34858	22746	1
34869	32570	1
34882	37265	1
34892	22930	1
34900	3946	1
34912	57317	1
34914	5889	1
34915	7628	1
34923	29047	1
34961	33494	1
34966	15591	1
34990	48542	1
34997	23553	1
35011	52629	1
35021	61545	1
35066	17338	1
35137	25350	1
35144	44841	1
35164	17886	1
35169	64828	1
35177	69637	1
35197	68887	1
35215	14883	1
35239	34345	1
35248	73656	1
35251	68077	1
35257	74347	1
35260	14892	1
35264	36575	1
35270	7214	1
35275	63377	1
35293	45493	1
35323	70437	1
35343	1873	1
35346	4389	1
35408	51473	1
35475	37007	1
35476	25735	1
35477	44319	1
35480	63156	1
35514	66870	1
35531	47032	1
35572	33745	1
35583	26629	1
35592	53681	1
35595	13025	1
35597	46866	1
35631	47666	1
35652	31421	1
35694	75768	1
35746	60663	1
35813	56710	1
35824	20981	1
35846	37260	1
35857	25806	1
35863	18471	1
35882	48531	1
35889	13685	1
35903	12495	1
35904	65273	1
35908	25424	1
35916	32960	1
35926	36918	1
35928	11878	1
35953	23709	1
35985	51356	1
35995	49735	1
36008	53807	1
36015	46885	1
36028	26761	1
36064	32348	1
36081	31713	1
36082	3544	1
36096	66608	1
36116	4279	1
36161	55483	1
36162	75560	1
36175	24009	1
36218	35036	1
36263	24813	1
36268	64287	1
36273	42944	1
36279	70897	1
36284	11412	1
36305	31956	1
36325	72395	1
36364	20112	1
36378	35933	1
36402	6260	1
36434	71731	1
36448	33052	1
36452	57403	1
36464	71559	1
36465	19927	1
36466	32328	1
36467	38	1
36515	27677	1
36554	38537	1
36568	35102	1
36572	45664	1
36582	66352	1
36595	17740	1
36614	497	1
36630	67097	1
36674	32273	1
36682	6308	1
36687	74992	1
36696	6185	1
36739	14588	1
36739	36531	1
36742	51463	1
36779	18866	1
36783	59589	1
36800	44395	1
36822	73844	1
36837	31495	1
36844	1365	1
36849	6286	1
36861	9134	1
36863	31075	1
36886	62943	1
36893	47968	1
36922	10175	1
36923	69976	1
36937	8148	1
36962	18522	1
36962	42279	1
36966	26604	1
36972	63474	1
36973	31514	1
36978	8913	1
36981	63776	1
36988	24565	1
36992	26091	1
36998	11973	1
37012	37188	1
37052	38682	1
37075	62571	1
37099	35413	1
37116	61190	1
37123	63087	1
37132	31726	1
37153	49860	1
37168	52229	1
37173	8678	1
37192	35106	1
37219	32823	1
37230	28435	1
37250	2503	1
37267	69508	1
37277	21345	1
37284	27046	1
37288	21838	1
37303	16744	1
37320	40317	1
37379	62956	1
37384	21914	1
37397	30300	1
37407	57299	1
37418	56542	1
37457	14348	1
37466	16146	1
37476	30410	1
37477	28665	1
37483	18828	1
37485	40111	1
37488	16772	1
37506	35299	1
37507	49851	1
37543	48395	1
37548	26572	1
37551	64367	1
37610	26903	1
37644	24063	1
37656	56221	1
37682	23834	1
37682	63815	1
37709	54686	1
37748	12984	1
37763	72893	1
37785	45965	1
37842	9227	1
37850	37134	1
37873	29142	1
37880	31404	1
37883	30873	1
37901	58896	1
37936	20030	1
37940	53528	1
37955	51251	1
37997	55985	1
38031	31111	1
38051	67910	1
38055	56561	1
38060	56727	1
38069	2395	1
38098	45911	1
38173	22240	1
38181	3867	1
38195	25492	1
38201	42561	1
38201	59754	1
38208	24463	1
38212	68394	1
38214	67221	1
38286	42896	1
38291	72652	1
38302	72144	1
38328	68466	1
38394	18214	1
38406	655	1
38432	40764	1
38460	3497	1
38463	14991	1
38477	5475	1
38493	69471	1
38495	21669	1
38519	19819	1
38531	30695	1
38534	74797	1
38556	59077	1
38595	40970	1
38611	74960	1
38685	29796	1
38723	10540	1
38725	57912	1
38766	43386	1
38773	45777	1
38784	55990	1
38830	69732	1
38837	6816	1
38882	71999	1
38891	73241	1
38899	13736	1
38946	32120	1
38972	36661	1
38985	7287	1
39006	8850	1
39024	38143	1
39035	46145	1
39040	54250	1
39049	14680	1
39075	32376	1
39100	47593	1
39127	61869	1
39129	61669	1
39190	30900	1
39191	21744	1
39197	37702	1
39210	35932	1
39224	10978	1
39224	28926	1
39233	45779	1
39238	55038	1
39269	62254	1
39309	6409	1
39310	57195	1
39339	9145	1
39343	5815	1
39355	1430	1
39374	17223	1
39375	47049	1
39412	39264	1
39422	39519	1
39428	35975	1
39428	41713	1
39445	58755	1
39445	66307	1
39453	50719	1
39477	50001	1
39539	71740	1
39543	24972	1
39548	67225	1
39554	71671	1
39579	47155	1
39624	12484	1
39629	3854	1
39634	35372	1
39664	46207	1
39668	42174	1
39690	73119	1
39692	54999	1
39701	48297	1
39742	74937	1
39766	33239	1
39773	66175	1
39794	26120	1
39808	30299	1
39825	37945	1
39832	22162	1
39844	6432	1
39862	45413	1
39867	15299	1
39874	18565	1
39887	65966	1
39890	12805	1
39892	27420	1
39928	17247	1
39973	31739	1
39984	71177	1
40010	65991	1
40028	3457	1
40044	29267	1
40065	1637	1
40072	55371	1
40090	19252	1
40092	11536	1
40118	32031	1
40118	45584	1
40127	49370	1
40132	35802	1
40138	24557	1
40139	37069	1
40144	32310	1
40162	25141	1
40190	43200	1
40208	19869	1
40218	49206	1
40226	42916	1
40227	29542	1
40236	19027	1
40242	30509	1
40292	28371	1
40306	17867	1
40348	21048	1
40349	65844	1
40355	75547	1
40381	12294	1
40415	52487	1
40426	8292	1
40437	30055	1
40459	13313	1
40466	60240	1
40471	49960	1
40480	9497	1
40480	34710	1
40490	72957	1
40491	35773	1
40502	19830	1
40515	72899	1
40519	44204	1
40528	73468	1
40564	32746	1
40565	26983	1
40579	55215	1
40597	51986	1
40604	62401	1
40620	22679	1
40620	61345	1
40634	25505	1
40654	19026	1
40665	20985	1
40673	68180	1
40757	57904	1
40799	21462	1
40799	46247	1
40803	50640	1
40812	54735	1
40820	44349	1
40830	54691	1
40879	40287	1
40889	13519	1
40917	62233	1
40931	39945	1
40946	15320	1
40956	51306	1
40960	52555	1
40976	12106	1
40987	10175	1
40987	63022	1
40997	240	1
41007	39588	1
41048	38423	1
41074	9972	1
41079	59685	1
41080	61797	1
41099	72830	1
41103	66735	1
41104	73529	1
41133	32930	1
41151	70593	1
41164	30105	1
41198	24751	1
41228	27047	1
41253	40589	1
41259	16668	1
41288	40009	1
41313	69720	1
41329	12182	1
41334	71796	1
41360	54353	1
41374	24904	1
41384	62845	1
41413	48310	1
41416	920	1
41417	44857	1
41424	69015	1
41429	65905	1
41434	56958	1
41448	42402	1
41501	68893	1
41504	52527	1
41527	3249	1
41536	1372	1
41544	52279	1
41550	891	1
41552	50685	1
41589	64731	1
41597	49287	1
41605	3439	1
41643	57161	1
41651	23984	1
41652	3451	1
41666	73676	1
41683	69275	1
41689	25049	1
41735	28365	1
41747	50801	1
41751	52899	1
41770	50454	1
41796	6368	1
41801	75219	1
41803	37171	1
41805	19179	1
41833	7541	1
41833	38276	1
41834	33466	1
41849	37687	1
41901	2176	1
41903	46277	1
41904	15626	1
41915	48356	1
41970	51416	1
42023	48106	1
42044	13370	1
42075	43300	1
42080	70799	1
42090	759	1
42117	32291	1
42127	21783	1
42146	33288	1
42164	53111	1
42189	46707	1
42200	70580	1
42230	9608	1
42243	22524	1
42277	38773	1
42287	47459	1
42306	24764	1
42325	72330	1
42384	36468	1
42392	68779	1
42397	3579	1
42401	31317	1
42403	49881	1
42412	63091	1
42415	19780	1
42433	57400	1
42462	38942	1
42471	17442	1
42488	8064	1
42493	62289	1
42510	4422	1
42513	33506	1
42514	46292	1
42519	62082	1
42527	74198	1
42578	19199	1
42603	6410	1
42610	13014	1
42612	54260	1
42623	57123	1
42628	35588	1
42669	19190	1
42692	26709	1
42732	74470	1
42765	2213	1
42781	18395	1
42799	17759	1
42802	6863	1
42805	27799	1
42807	49009	1
42818	33462	1
42819	35581	1
42837	24663	1
42849	70809	1
42854	22770	1
42910	74435	1
42928	21183	1
42931	55086	1
42935	74046	1
42941	75249	1
42954	65078	1
42960	57719	1
42973	29390	1
42974	39713	1
42982	72470	1
42988	53640	1
43000	70721	1
43025	75289	1
43040	37922	1
43045	58311	1
43045	68574	1
43047	28230	1
43071	61582	1
43077	30015	1
43105	53186	1
43120	75239	1
43129	41150	1
43130	50234	1
43145	64682	1
43191	18486	1
43193	12481	1
43207	49607	1
43209	2783	1
43214	17102	1
43263	45402	1
43294	75622	1
43309	31127	1
43339	72532	1
43341	27270	1
43358	8083	1
43358	59450	1
43363	22310	1
43363	32839	1
43369	40004	1
43381	62415	1
43392	23327	1
43392	74220	1
43407	41077	1
43425	73495	1
43446	74744	1
43450	69629	1
43460	4955	1
43465	34893	1
43491	11424	1
43495	17674	1
43519	54518	1
43523	47477	1
43570	72048	1
43591	66731	1
43604	3308	1
43606	23059	1
43620	10768	1
43626	61954	1
43632	73389	1
43758	12455	1
43778	18182	1
43778	52362	1
43822	63797	1
43828	631	1
43881	52243	1
43906	46130	1
43926	62084	1
43936	52914	1
43948	5033	1
43959	27736	1
43959	52986	1
43973	20772	1
43982	47149	1
44004	17483	1
44015	32652	1
44027	1268	1
44050	10151	1
44061	11729	1
44068	40783	1
44123	38750	1
44133	14556	1
44143	32453	1
44147	62346	1
44152	24225	1
44169	65426	1
44216	7469	1
44225	14997	1
44252	48369	1
44267	37747	1
44279	32543	1
44281	68537	1
44285	66671	1
44295	66652	1
44299	32534	1
44311	39956	1
44318	12549	1
44326	29539	1
44343	8153	1
44352	30631	1
44365	14182	1
44393	8204	1
44411	62662	1
44442	68073	1
44443	43247	1
44467	26041	1
44472	7919	1
44494	37562	1
44503	61786	1
44520	65276	1
44574	32507	1
44576	18153	1
44580	36110	1
44595	9309	1
44618	29760	1
44619	47332	1
44625	62958	1
44638	24405	1
44639	39334	1
44679	42468	1
44690	12631	1
44692	13264	1
44700	4731	1
44714	27521	1
44722	8716	1
44723	6032	1
44730	65280	1
44741	24027	1
44771	62971	1
44786	49813	1
44794	65230	1
44826	62631	1
44844	45504	1
44844	50131	1
44899	30096	1
44911	64975	1
44919	46538	1
44930	42583	1
44942	73192	1
44989	8456	1
44994	71107	1
45005	5286	1
45036	12848	1
45056	71049	1
45088	66397	1
45110	43377	1
45113	29216	1
45115	9658	1
45175	58083	1
45185	18326	1
45190	52632	1
45204	25520	1
45239	26003	1
45246	67706	1
45256	30717	1
45278	51228	1
45283	44805	1
45285	47694	1
45285	68896	1
45289	56400	1
45305	61580	1
45324	1555	1
45329	65096	1
45344	40027	1
45353	7670	1
45368	16847	1
45381	62997	1
45401	49031	1
45404	12202	1
45407	72321	1
45417	13788	1
45424	21992	1
45425	7183	1
45437	41020	1
45442	16581	1
45465	56413	1
45476	10311	1
45476	19583	1
45490	60635	1
45520	21884	1
45528	31205	1
45549	59039	1
45552	54870	1
45583	62349	1
45584	34953	1
45620	27680	1
45639	61806	1
45641	60471	1
45714	38977	1
45724	53321	1
45726	40223	1
45738	74302	1
45739	6544	1
45748	40881	1
45752	2551	1
45795	18458	1
45844	53571	1
45870	51940	1
45898	51159	1
45904	45901	1
45913	19214	1
45928	60775	1
45929	13193	1
45937	51870	1
45941	47486	1
45978	33305	1
45988	11531	1
45994	38462	1
46027	32666	1
46032	69274	1
46038	16443	1
46049	54106	1
46055	35506	1
46084	74089	1
46099	37196	1
46102	66201	1
46105	10107	1
46145	55013	1
46200	32111	1
46200	53077	1
46203	29791	1
46208	46766	1
46213	11483	1
46232	23985	1
46259	34816	1
46274	7503	1
46305	18333	1
46310	5232	1
46320	42323	1
46375	1728	1
46377	15012	1
46387	41409	1
46526	43789	1
46536	49780	1
46546	23398	1
46562	33647	1
46570	68711	1
46583	70465	1
46601	19664	1
46632	74125	1
46637	66432	1
46671	24055	1
46674	29776	1
46692	44220	1
46699	48783	1
46723	17440	1
46735	36435	1
46746	74810	1
46753	12159	1
46765	52811	1
46800	10444	1
46801	42348	1
46844	4415	1
46868	30779	1
46877	71445	1
46890	28410	1
46898	6976	1
46906	51973	1
46931	31572	1
46967	63672	1
46984	73907	1
46996	46213	1
47007	37536	1
47012	8467	1
47033	17918	1
47072	35659	1
47075	13690	1
47100	50767	1
47101	47459	1
47111	37332	1
47117	23881	1
47211	70019	1
47213	45675	1
47216	23391	1
47248	15998	1
47283	54823	1
47320	28836	1
47367	26675	1
47398	63675	1
47416	47741	1
47428	55368	1
47452	44659	1
47469	10164	1
47469	19187	1
47496	10772	1
47520	70676	1
47529	73828	1
47534	28325	1
47534	45000	1
47551	50600	1
47609	51055	1
47650	61068	1
47656	46563	1
47673	5820	1
47704	62071	1
47745	46066	1
47757	21301	1
47766	71670	1
47786	47445	1
47808	14979	1
47817	58460	1
47827	67441	1
47834	12773	1
47855	2534	1
47897	3277	1
47928	5409	1
47929	68912	1
47961	36406	1
47964	16478	1
47969	52941	1
47973	48695	1
47974	71882	1
48001	10666	1
48009	16947	1
48044	25927	1
48061	10607	1
48091	18898	1
48091	39677	1
48106	39850	1
48120	9544	1
48145	21736	1
48148	24718	1
48169	31718	1
48171	21423	1
48218	26865	1
48229	52369	1
48233	25375	1
48265	57376	1
48272	41504	1
48285	28858	1
48286	1391	1
48310	5736	1
48325	19082	1
48357	40866	1
48417	5622	1
48418	6439	1
48428	37006	1
48460	35873	1
48475	18319	1
48493	63828	1
48495	34303	1
48499	27848	1
48512	46416	1
48551	33557	1
48552	23336	1
48553	16222	1
48555	68787	1
48565	23161	1
48601	31110	1
48612	70514	1
48617	52477	1
48628	29976	1
48651	10373	1
48657	75443	1
48661	57600	1
48667	72914	1
48691	19	1
48694	73392	1
48721	53422	1
48723	47684	1
48727	5121	1
48730	68838	1
48743	16813	1
48747	18035	1
48757	15314	1
48786	14720	1
48796	30737	1
48801	64243	1
48826	31636	1
48858	2763	1
48912	30642	1
48954	52070	1
48967	73237	1
48988	70453	1
48997	49518	1
49007	61432	1
49008	34284	1
49008	50482	1
49012	11619	1
49023	47441	1
49027	43655	1
49049	10609	1
49050	5441	1
49098	41501	1
49102	31106	1
49123	18995	1
49134	13392	1
49136	7016	1
49149	17637	1
49157	56224	1
49160	13352	1
49209	66156	1
49220	16756	1
49221	8077	1
49224	1295	1
49253	1478	1
49262	52187	1
49285	58999	1
49303	41615	1
49343	31493	1
49382	54227	1
49386	22343	1
49387	51839	1
49400	36489	1
49417	15309	1
49420	52287	1
49434	52133	1
49450	45809	1
49492	43811	1
49503	72855	1
49572	67284	1
49575	463	1
49585	6638	1
49615	62578	1
49616	43948	1
49633	33655	1
49645	45570	1
49703	6114	1
49706	24446	1
49718	16885	1
49722	4142	1
49724	64945	1
49730	35439	1
49730	38285	1
49788	337	1
49798	2643	1
49867	65875	1
49869	33174	1
49873	55915	1
49890	45677	1
49890	52311	1
49892	18901	1
49916	39803	1
49921	48907	1
49921	58394	1
49923	49632	1
49944	8769	1
49945	6108	1
49947	32785	1
49959	75522	1
50013	8388	1
50035	45159	1
50054	38152	1
50060	31812	1
50091	18152	1
50092	18868	1
50099	19991	1
50124	2674	1
50125	25651	1
50136	41305	1
50149	65333	1
50183	5451	1
50200	46807	1
50234	6237	1
50235	72402	1
50243	8694	1
50243	45443	1
50255	18989	1
50257	15851	1
50270	35498	1
50275	56141	1
50276	44264	1
50283	49673	1
50301	25934	1
50301	69880	1
50320	70710	1
50328	49963	1
50350	34515	1
50380	3563	1
50441	18853	1
50449	67456	1
50465	63559	1
50470	18769	1
50478	56195	1
50531	62636	1
50536	34140	1
50540	28263	1
50551	55193	1
50551	71574	1
50552	15642	1
50666	33985	1
50672	57646	1
50678	6006	1
50689	4924	1
50695	49655	1
50699	68321	1
50704	41744	1
50719	15336	1
50732	27415	1
50751	60088	1
50771	26468	1
50814	22439	1
50835	45912	1
50845	49179	1
50873	58892	1
50899	19752	1
50900	52031	1
50921	28631	1
50986	38883	1
50992	73846	1
50993	41913	1
50996	63086	1
51013	18868	1
51042	25836	1
51047	55690	1
51068	17117	1
51084	67115	1
51189	72212	1
51240	52880	1
51261	48758	1
51276	54641	1
51276	75061	1
51285	75767	1
51351	68420	1
51396	28418	1
51470	56599	1
51479	27440	1
51488	36639	1
51531	29283	1
51533	46631	1
51553	57047	1
51576	15892	1
51594	73088	1
51612	61814	1
51658	37997	1
51663	38604	1
51686	14575	1
51731	20845	1
51741	26227	1
51747	12758	1
51760	65585	1
51768	31372	1
51800	66216	1
51839	62249	1
51860	33151	1
51909	50342	1
51914	39451	1
51931	46281	1
51958	24546	1
51959	39363	1
51971	24910	1
51980	36881	1
52020	64734	1
52028	12186	1
52045	69060	1
52066	71403	1
52102	39761	1
52127	39047	1
52130	8642	1
52135	57781	1
52149	73463	1
52154	15905	1
52168	73712	1
52241	65145	1
52253	32735	1
52258	579	1
52290	2361	1
52294	38037	1
52301	64010	1
52337	54364	1
52354	5255	1
52354	47702	1
52372	25409	1
52389	51471	1
52416	53807	1
52428	72381	1
52443	19372	1
52445	42618	1
52447	56088	1
52448	24564	1
52485	68923	1
52500	74714	1
52501	33795	1
52507	60988	1
52525	27819	1
52531	15703	1
52537	19153	1
52560	46280	1
52570	3380	1
52589	10151	1
52627	29300	1
52689	20852	1
52694	30285	1
52703	3199	1
52705	53587	1
52723	54580	1
52743	61450	1
52781	45006	1
52800	26724	1
52801	33703	1
52825	11326	1
52844	30667	1
52846	7808	1
52887	62753	1
52913	47143	1
52924	7531	1
52930	5323	1
52943	22697	1
52951	18618	1
52980	54361	1
53025	26386	1
53086	16416	1
53086	35032	1
53106	71279	1
53115	37133	1
53120	13813	1
53121	46625	1
53127	59550	1
53132	12661	1
53161	44101	1
53177	30648	1
53184	38053	1
53230	63040	1
53233	6779	1
53262	7410	1
53280	14152	1
53308	9402	1
53338	11663	1
53347	51845	1
53379	63701	1
53445	71207	1
53449	41148	1
53456	15856	1
53485	27929	1
53497	10817	1
53508	62476	1
53510	60753	1
53517	65531	1
53519	4802	1
53578	30794	1
53612	1994	1
53618	49503	1
53622	39351	1
53628	33771	1
53635	46998	1
53647	8175	1
53651	32000	1
53707	15086	1
53717	52934	1
53763	35069	1
53808	75090	1
53831	45434	1
53835	63357	1
53845	60360	1
53866	33056	1
53872	9070	1
53878	44978	1
53899	26356	1
53914	49520	1
53937	61268	1
53941	17033	1
53941	60358	1
53942	30776	1
53943	41825	1
53947	31930	1
53958	1088	1
53962	25346	1
53975	22658	1
53982	17536	1
53985	16663	1
53985	66122	1
54025	63896	1
54058	42623	1
54071	1518	1
54095	24897	1
54109	65809	1
54114	64175	1
54144	42659	1
54175	42138	1
54202	6261	1
54209	8547	1
54230	15863	1
54247	24216	1
54257	56764	1
54259	71066	1
54261	69790	1
54278	26787	1
54302	49120	1
54303	52032	1
54339	42657	1
54341	47068	1
54343	47133	1
54374	43159	1
54375	56572	1
54376	8513	1
54406	15123	1
54411	9058	1
54422	5997	1
54469	66253	1
54517	29689	1
54542	45914	1
54546	68876	1
54557	73112	1
54574	37084	1
54604	25410	1
54605	4021	1
54605	13252	1
54626	63831	1
54652	4847	1
54669	6865	1
54708	15665	1
54708	70727	1
54710	12855	1
54740	53762	1
54761	63072	1
54787	50245	1
54823	3609	1
54828	66897	1
54872	33681	1
54872	36009	1
54911	49034	1
54920	302	1
54952	63940	1
54974	50007	1
54992	18657	1
55001	54465	1
55010	55906	1
55025	8921	1
55050	72900	1
55067	30081	1
55087	49605	1
55089	72879	1
55109	4355	1
55122	59407	1
55147	66145	1
55155	28833	1
55156	52419	1
55167	25841	1
55170	7499	1
55186	14648	1
55245	18075	1
55245	23334	1
55278	28006	1
55287	54991	1
55312	61045	1
55316	64745	1
55333	46023	1
55347	36620	1
55359	47055	1
55393	65595	1
55409	25551	1
55451	295	1
55458	30859	1
55468	19034	1
55477	45023	1
55484	54357	1
55490	72858	1
55529	1719	1
55609	2974	1
55622	26948	1
55639	50859	1
55657	74038	1
55691	4395	1
55691	14530	1
55701	38447	1
55730	2642	1
55733	35935	1
55734	20467	1
55739	48246	1
55744	75850	1
55750	41777	1
55752	61618	1
55755	68653	1
55756	30746	1
55760	73670	1
55774	29577	1
55774	43521	1
55776	31600	1
55788	49710	1
55791	69816	1
55794	60240	1
55797	32051	1
55802	70985	1
55827	55132	1
55841	1721	1
55854	72299	1
55885	7908	1
55892	56448	1
55898	67478	1
55915	33494	1
55939	39340	1
55977	39490	1
55988	39359	1
56000	10130	1
56008	64028	1
56036	17652	1
56060	30810	1
56088	15670	1
56100	5464	1
56104	63441	1
56105	3742	1
56113	42078	1
56122	8404	1
56131	63654	1
56142	70962	1
56169	15956	1
56172	3585	1
56174	61265	1
56183	7086	1
56186	58571	1
56217	33456	1
56229	50768	1
56258	65547	1
56271	29057	1
56304	1965	1
56309	2444	1
56314	36698	1
56355	38012	1
56357	15	1
56375	41123	1
56390	50832	1
56403	26120	1
56411	7211	1
56423	43759	1
56440	3500	1
56556	57966	1
56594	431	1
56605	40001	1
56620	25729	1
56626	68136	1
56653	40974	1
56672	32597	1
56676	46316	1
56706	55922	1
56721	61501	1
56738	23081	1
56747	51016	1
56783	67572	1
56786	48131	1
56792	40631	1
56794	12807	1
56808	22603	1
56822	46862	1
56824	14122	1
56827	63617	1
56863	39786	1
56867	7790	1
56888	25455	1
56893	57915	1
56931	55391	1
56942	67986	1
56954	53090	1
56958	11251	1
56987	184	1
56999	19040	1
57001	244	1
57013	35821	1
57015	70298	1
57028	26155	1
57064	62463	1
57071	57338	1
57123	20783	1
57161	7772	1
57185	57580	1
57187	43007	1
57208	35959	1
57208	40649	1
57218	68896	1
57224	32169	1
57233	30414	1
57234	45074	1
57240	42489	1
57244	64182	1
57263	47154	1
57283	54958	1
57315	19350	1
57318	50371	1
57319	659	1
57340	40546	1
57351	68714	1
57381	67977	1
57385	75170	1
57387	53018	1
57408	55583	1
57410	68018	1
57430	21517	1
57446	32239	1
57450	48209	1
57467	53708	1
57484	55480	1
57490	73618	1
57506	41243	1
57545	567	1
57628	32866	1
57629	36952	1
57633	67356	1
57634	22655	1
57641	68343	1
57641	70379	1
57657	5675	1
57670	74587	1
57677	73236	1
57680	14692	1
57729	72370	1
57747	21852	1
57747	57142	1
57761	20173	1
57832	61639	1
57843	26564	1
57849	67989	1
57856	21344	1
57877	13317	1
57918	26160	1
57970	32879	1
58002	68977	1
58008	27801	1
58023	6865	1
58026	35144	1
58056	50106	1
58095	54032	1
58121	48629	1
58140	45791	1
58141	15542	1
58152	11223	1
58158	54046	1
58161	36956	1
58218	68980	1
58230	12302	1
58245	37820	1
58267	788	1
58282	74771	1
58307	18143	1
58341	11214	1
58393	37150	1
58416	63019	1
58419	61046	1
58426	60091	1
58446	72296	1
58449	1551	1
58461	5807	1
58479	18399	1
58496	18717	1
58514	25465	1
58534	18997	1
58543	56746	1
58543	70814	1
58578	7788	1
58584	38117	1
58598	60682	1
58718	6686	1
58733	72676	1
58735	26271	1
58758	23478	1
58773	24886	1
58775	37290	1
58794	52757	1
58825	47093	1
58828	73570	1
58842	30953	1
58846	41357	1
58861	26337	1
58869	43780	1
58873	69190	1
58879	20543	1
58886	44656	1
58905	41043	1
58914	360	1
58940	64204	1
58942	28912	1
58955	52841	1
58967	57415	1
59006	11165	1
59023	70503	1
59038	58543	1
59042	1445	1
59047	26558	1
59054	14574	1
59057	69550	1
59074	31191	1
59104	56160	1
59142	71869	1
59160	47877	1
59164	25805	1
59170	56572	1
59178	12479	1
59197	5728	1
59209	8535	1
59209	65317	1
59217	18700	1
59224	71818	1
59231	37732	1
59245	72973	1
59253	46640	1
59273	31441	1
59275	38024	1
59286	63639	1
59293	4570	1
59313	35257	1
59337	57818	1
59338	59730	1
59344	67045	1
59356	48331	1
59358	26956	1
59376	16670	1
59409	21532	1
59412	43686	1
59436	70737	1
59440	9044	1
59451	51056	1
59457	54605	1
59467	46159	1
59484	73115	1
59486	53839	1
59551	11384	1
59578	40618	1
59596	4216	1
59602	37625	1
59608	47915	1
59637	25245	1
59641	61571	1
59644	66017	1
59657	3384	1
59659	1953	1
59667	3552	1
59713	12495	1
59748	19350	1
59797	44823	1
59810	8563	1
59851	14212	1
59909	58400	1
59926	3054	1
59971	60058	1
59981	70618	1
60004	48615	1
60005	2090	1
60023	10201	1
60030	50973	1
60032	45857	1
60040	46202	1
60048	32654	1
60055	66853	1
60057	10735	1
60062	772	1
60093	44839	1
60097	36867	1
60112	64334	1
60119	62540	1
60159	9100	1
60166	28855	1
60198	21522	1
60201	2559	1
60235	18845	1
60236	48178	1
60237	59024	1
60270	30473	1
60283	22797	1
60284	65959	1
60289	29317	1
60292	3007	1
60294	59005	1
60297	23711	1
60300	873	1
60307	67252	1
60318	59927	1
60339	22523	1
60361	2997	1
60366	64925	1
60398	12944	1
60403	36536	1
60411	10907	1
60443	30250	1
60467	44130	1
60487	72194	1
60499	48231	1
60534	12243	1
60538	34188	1
60575	3217	1
60577	57933	1
60583	26433	1
60584	59482	1
60588	11227	1
60624	56960	1
60626	44970	1
60639	29290	1
60649	55024	1
60660	74711	1
60677	59038	1
60686	46669	1
60691	73586	1
60698	482	1
60711	26942	1
60783	32604	1
60806	21762	1
60817	1157	1
60827	51071	1
60830	13401	1
60838	46137	1
60865	53027	1
60914	20974	1
60918	50156	1
60928	56900	1
60936	32293	1
60968	14495	1
60991	38807	1
61007	3169	1
61012	36146	1
61014	4991	1
61023	71103	1
61045	7483	1
61056	69248	1
61090	4000	1
61092	43276	1
61095	66156	1
61143	474	1
61163	42244	1
61173	2590	1
61175	45957	1
61188	22401	1
61221	26846	1
61248	67471	1
61261	9963	1
61261	69850	1
61271	72363	1
61276	15553	1
61281	3780	1
61302	64229	1
61333	19326	1
61338	59224	1
61342	16423	1
61377	52118	1
61382	46752	1
61401	12679	1
61426	48843	1
61459	44584	1
61461	5727	1
61470	52678	1
61495	33959	1
61498	21889	1
61506	19346	1
61513	50409	1
61517	75176	1
61521	30039	1
61565	63774	1
61583	29703	1
61615	54823	1
61651	46820	1
61654	31506	1
61658	60131	1
61678	10936	1
61695	28624	1
61699	45521	1
61744	57042	1
61757	5942	1
61773	34599	1
61789	7612	1
61790	51690	1
61806	69513	1
61809	38071	1
61831	69381	1
61841	64542	1
61846	47703	1
61847	62898	1
61854	46863	1
61876	60673	1
61934	10654	1
61940	27524	1
61949	43122	1
61955	2222	1
61974	54409	1
61982	32928	1
62000	936	1
62037	39486	1
62043	1773	1
62056	33559	1
62098	43748	1
62135	72954	1
62150	14847	1
62156	59427	1
62171	71626	1
62175	55086	1
62198	46299	1
62213	7415	1
62260	12500	1
62263	60884	1
62276	37262	1
62290	26678	1
62290	53340	1
62293	1230	1
62293	46593	1
62295	8054	1
62298	54919	1
62302	72460	1
62354	64208	1
62375	9050	1
62381	44488	1
62389	75227	1
62393	42431	1
62410	13162	1
62458	51586	1
62483	57511	1
62484	14409	1
62515	3857	1
62523	23183	1
62527	54148	1
62556	33641	1
62563	48894	1
62574	75039	1
62586	51372	1
62587	34324	1
62713	16735	1
62732	6823	1
62735	46221	1
62761	8388	1
62763	33924	1
62796	29417	1
62808	4752	1
62813	23927	1
62819	11897	1
62838	9926	1
62858	24	1
62869	2173	1
62888	6475	1
62903	15288	1
62928	69567	1
62935	31740	1
63036	48691	1
63091	32167	1
63100	14217	1
63142	972	1
63166	20653	1
63175	37196	1
63184	46033	1
63268	4769	1
63270	14731	1
63294	9222	1
63298	54487	1
63309	37873	1
63316	44789	1
63338	2839	1
63353	19649	1
63375	37788	1
63378	46545	1
63408	55083	1
63450	12168	1
63450	62536	1
63455	54146	1
63460	72516	1
63469	53143	1
63486	7671	1
63487	49386	1
63519	47347	1
63527	17973	1
63545	16909	1
63558	51454	1
63569	73604	1
63589	43717	1
63641	13055	1
63650	16666	1
63689	30573	1
63690	58025	1
63699	31496	1
63709	310	1
63718	13811	1
63725	41662	1
63726	7606	1
63735	54857	1
63741	57209	1
63749	27509	1
63781	30965	1
63888	17938	1
63948	68955	1
64004	9424	1
64010	39635	1
64010	43469	1
64058	57789	1
64075	44108	1
64090	48521	1
64143	56988	1
64174	67432	1
64182	13418	1
64194	21647	1
64206	29966	1
64219	68660	1
64224	9591	1
64232	48250	1
64254	19622	1
64255	29869	1
64285	31032	1
64290	52662	1
64306	35629	1
64328	72591	1
64348	54206	1
64364	33856	1
64379	39132	1
64399	60712	1
64404	56240	1
64405	37897	1
64438	33249	1
64443	74333	1
64454	45347	1
64465	61406	1
64506	29265	1
64512	43714	1
64515	74124	1
64525	19407	1
64552	14700	1
64582	34116	1
64595	61427	1
64610	3301	1
64611	28176	1
64629	55714	1
64643	2593	1
64646	18574	1
64656	656	1
64698	70394	1
64723	31880	1
64730	36102	1
64732	55617	1
64782	42953	1
64785	56917	1
64802	10673	1
64810	35433	1
64813	18129	1
64818	74140	1
64826	36961	1
64835	55395	1
64849	2676	1
64899	42353	1
64899	51624	1
64907	54084	1
64924	6254	1
64929	62319	1
64942	67459	1
64955	41160	1
64957	30112	1
64965	68514	1
65050	75739	1
65080	17866	1
65091	33498	1
65096	38483	1
65101	16938	1
65105	74051	1
65128	75498	1
65136	48912	1
65136	49332	1
65138	60421	1
65147	49691	1
65149	66060	1
65160	41907	1
65172	34435	1
65177	40228	1
65246	25887	1
65249	16210	1
65261	67760	1
65269	7375	1
65281	3472	1
65282	65118	1
65293	67244	1
65311	65538	1
65328	39624	1
65395	14850	1
65397	28688	1
65398	69527	1
65414	64609	1
65420	69281	1
65448	6030	1
65478	4841	1
65479	64227	1
65501	42804	1
65504	56657	1
65509	24400	1
65540	42297	1
65545	45760	1
65573	72042	1
65599	55845	1
65614	62655	1
65623	31693	1
65627	54059	1
65631	63882	1
65640	11669	1
65647	14132	1
65669	56298	1
65670	63495	1
65687	65367	1
65691	18724	1
65737	33556	1
65767	74012	1
65781	72539	1
65795	22317	1
65837	40760	1
65853	19712	1
65859	60957	1
65886	67319	1
65889	25590	1
65928	41081	1
65952	58958	1
65976	24558	1
65994	16495	1
65999	46743	1
66004	11815	1
66006	35922	1
66012	27058	1
66017	72314	1
66040	69831	1
66093	61814	1
66103	69189	1
66116	22688	1
66126	48088	1
66158	65511	1
66198	21719	1
66216	6259	1
66216	65089	1
66234	61631	1
66235	49073	1
66252	53731	1
66277	17109	1
66280	37463	1
66286	14274	1
66292	29568	1
66318	56645	1
66343	16746	1
66346	50599	1
66401	67620	1
66438	11015	1
66508	51630	1
66537	73859	1
66541	7769	1
66542	50517	1
66543	13586	1
66553	11716	1
66559	64722	1
66574	49384	1
66581	28384	1
66593	19336	1
66597	69449	1
66612	53187	1
66617	7564	1
66621	20862	1
66668	5923	1
66674	6122	1
66689	69776	1
66706	10392	1
66740	70638	1
66765	14958	1
66798	3435	1
66799	72206	1
66843	37476	1
66870	52010	1
66894	47362	1
66903	53645	1
66921	6735	1
66923	3232	1
66925	48661	1
66951	60002	1
66980	57057	1
67010	2482	1
67012	14295	1
67016	31926	1
67057	15609	1
67069	43436	1
67071	74684	1
67079	44830	1
67082	22342	1
67089	54023	1
67103	8505	1
67105	794	1
67106	58746	1
67120	3943	1
67120	21028	1
67170	33585	1
67207	63440	1
67242	21480	1
67308	35376	1
67348	3881	1
67352	22049	1
67373	64757	1
67382	70367	1
67383	19946	1
67416	75181	1
67431	73827	1
67457	42307	1
67473	37563	1
67520	34856	1
67522	16140	1
67527	53316	1
67558	44264	1
67560	14557	1
67587	44121	1
67592	11051	1
67599	3298	1
67600	65842	1
67608	38915	1
67676	48731	1
67679	2923	1
67696	67598	1
67701	12722	1
67730	74491	1
67747	8079	1
67803	67810	1
67831	2734	1
67840	27282	1
67895	23244	1
67897	24891	1
67913	16932	1
67914	31467	1
67944	56874	1
67954	35987	1
67957	6053	1
68032	5135	1
68050	59836	1
68071	8864	1
68080	46774	1
68096	65756	1
68098	55226	1
68109	29915	1
68126	7068	1
68129	52076	1
68240	631	1
68256	29172	1
68284	8067	1
68306	53759	1
68310	49601	1
68329	4539	1
68330	48061	1
68354	35810	1
68365	64632	1
68367	68390	1
68377	5226	1
68379	26822	1
68390	4184	1
68398	14412	1
68399	65943	1
68400	43315	1
68406	61892	1
68431	2626	1
68444	72108	1
68450	61348	1
68460	74008	1
68480	14303	1
68506	17814	1
68540	2077	1
68544	48049	1
68546	42065	1
68584	36250	1
68592	70655	1
68596	14836	1
68623	591	1
68629	6690	1
68678	3206	1
68693	25635	1
68700	70205	1
68749	48724	1
68762	46042	1
68769	22205	1
68771	61400	1
68823	60162	1
68832	1350	1
68852	8712	1
68854	7810	1
68856	33721	1
68880	54179	1
68885	6618	1
68890	62578	1
68912	50989	1
68922	28024	1
68926	73207	1
68935	12309	1
68940	56804	1
68974	69965	1
68989	29147	1
68990	58163	1
69060	48843	1
69063	69829	1
69065	57464	1
69070	23548	1
69107	74655	1
69109	13047	1
69117	30298	1
69118	59850	1
69119	42867	1
69144	74030	1
69165	62377	1
69186	15904	1
69234	62636	1
69237	16107	1
69251	438	1
69256	73378	1
69281	29668	1
69297	16533	1
69311	32599	1
69357	57058	1
69364	35511	1
69368	47871	1
69394	64493	1
69411	61766	1
69417	32274	1
69425	74186	1
69431	4170	1
69476	12333	1
69487	38340	1
69529	34775	1
69545	43525	1
69598	3799	1
69613	54377	1
69647	4745	1
69685	65112	1
69724	0	1
69736	30916	1
69749	12741	1
69795	61343	1
69806	4939	1
69807	57465	1
69824	65881	1
69856	11633	1
69867	36128	1
69878	2271	1
69883	10088	1
69924	50369	1
69931	28652	1
69931	46798	1
70000	67136	1
70036	16701	1
70066	3148	1
70072	50684	1
70085	66387	1
70092	5202	1
70093	68679	1
70117	17524	1
70128	14122	1
70133	33383	1
70154	36358	1
70158	62789	1
70164	25777	1
70173	66810	1
70175	49833	1
70193	64769	1
70213	23831	1
70215	74260	1
70224	7847	1
70236	73738	1
70254	57360	1
70257	52806	1
70290	42681	1
70303	54912	1
70304	13612	1
70307	7372	1
70313	38880	1
70316	48683	1
70344	30989	1
70347	44741	1
70387	16488	1
70396	291	1
70402	61523	1
70419	50795	1
70422	63910	1
70442	8937	1
70503	24438	1
70508	67399	1
70510	55613	1
70518	50193	1
70526	50018	1
70527	59339	1
70544	4812	1
70569	1667	1
70583	59645	1
70585	46018	1
70595	13580	1
70611	54317	1
70619	19333	1
70619	59640	1
70647	16439	1
70665	75591	1
70674	29208	1
70714	65578	1
70727	13068	1
70733	64120	1
70738	54431	1
70743	21652	1
70759	37747	1
70775	22577	1
70775	34722	1
70780	382	1
70803	21374	1
70805	9558	1
70845	61633	1
70847	5921	1
70898	39578	1
70935	73694	1
70961	14903	1
70969	45261	1
71005	15969	1
71009	28599	1
71014	65866	1
71016	30508	1
71053	62298	1
71096	14457	1
71100	7152	1
71100	62905	1
71126	10960	1
71149	43636	1
71152	36234	1
71172	335	1
71179	39708	1
71184	44781	1
71186	17366	1
71197	6463	1
71221	44075	1
71289	16335	1
71372	42082	1
71384	53891	1
71393	6140	1
71420	71232	1
71457	45514	1
71468	62546	1
71472	2916	1
71480	56327	1
71486	29034	1
71495	45080	1
71521	61113	1
71553	41531	1
71574	13068	1
71604	61168	1
71605	69362	1
71623	13007	1
71634	62243	1
71658	22077	1
71678	59832	1
71709	71355	1
71715	52886	1
71726	28833	1
71749	16408	1
71751	32259	1
71770	10254	1
71805	19645	1
71812	7162	1
71822	10221	1
71829	59023	1
71844	12936	1
71875	17249	1
71906	55910	1
71909	2557	1
71923	17370	1
71962	46069	1
71987	67109	1
71991	9754	1
71992	23146	1
71997	34407	1
71998	13219	1
71998	53096	1
72005	43341	1
72016	73708	1
72034	18878	1
72042	547	1
72067	22774	1
72067	46700	1
72073	75145	1
72083	20229	1
72090	26579	1
72099	14145	1
72151	3084	1
72159	52038	1
72161	43888	1
72184	14325	1
72198	6252	1
72205	59911	1
72206	20813	1
72216	44414	1
72219	61850	1
72242	42794	1
72248	12790	1
72253	3834	1
72296	37358	1
72297	46717	1
72297	54252	1
72322	17418	1
72330	52037	1
72356	59371	1
72383	34187	1
72405	36610	1
72453	65801	1
72456	9961	1
72470	17764	1
72491	15119	1
72506	7964	1
72515	54557	1
72566	62799	1
72577	67888	1
72599	64328	1
72613	9149	1
72615	2995	1
72627	56765	1
72648	12228	1
72668	54814	1
72676	17076	1
72720	32575	1
72726	73256	1
72730	58520	1
72732	68795	1
72745	29486	1
72762	73851	1
72786	46731	1
72806	7083	1
72814	57732	1
72816	24523	1
72822	15896	1
72871	2842	1
72887	5670	1
72914	61665	1
72933	28808	1
72958	38990	1
72959	42617	1
73002	67171	1
73014	4115	1
73027	68974	1
73069	27433	1
73080	68162	1
73112	10099	1
73113	7316	1
73124	33393	1
73158	18121	1
73162	63374	1
73211	36640	1
73219	25863	1
73241	67011	1
73253	34717	1
73277	30	1
73315	30430	1
73318	38639	1
73319	70703	1
73346	1293	1
73352	45827	1
73377	45327	1
73409	49846	1
73415	31010	1
73447	14133	1
73450	65775	1
73476	61652	1
73548	39769	1
73597	16173	1
73599	44788	1
73605	35059	1
73611	62514	1
73612	18960	1
73620	23040	1
73656	57355	1
73661	57458	1
73676	73362	1
73712	40690	1
73713	43438	1
73736	8201	1
73737	3162	1
73760	43647	1
73782	44439	1
73788	5053	1
73797	75192	1
73799	62078	1
73803	4098	1
73842	70448	1
73845	29963	1
73850	18984	1
73853	13751	1
73860	55699	1
73885	75690	1
73904	4929	1
73909	35686	1
73954	73765	1
73962	19724	1
73973	69243	1
73985	33988	1
73987	36614	1
74000	7926	1
74039	20639	1
74053	70274	1
74055	3263	1
74058	73956	1
74073	54923	1
74080	23485	1
74092	64856	1
74094	70081	1
74127	67123	1
74129	55780	1
74131	59522	1
74139	27098	1
74168	17319	1
74205	32937	1
74219	58955	1
74223	40349	1
74247	63429	1
74275	55510	1
74299	1489	1
74305	34768	1
74330	39631	1
74344	21977	1
74354	62386	1
74386	31971	1
74388	33525	1
74392	21162	1
74415	28969	1
74431	42673	1
74437	14966	1
74450	37001	1
74453	18585	1
74456	31875	1
74506	23810	1
74516	66520	1
74522	19018	1
74549	38766	1
74558	16081	1
74572	64409	1
74590	70074	1
74592	53089	1
74602	52519	1
74612	27382	1
74684	49010	1
74696	7796	1
74699	72913	1
74713	515	1
74725	27083	1
74744	3034	1
74785	68972	1
74801	5667	1
74836	42262	1
74840	43176	1
74865	19210	1
74893	36274	1
74949	63023	1
74954	3730	1
74961	67624	1
75053	66253	1
75058	64476	1
75072	10347	1
75085	41592	1
75143	47997	1
75166	72364	1
75168	3571	1
75216	5296	1
75216	68187	1
75218	67994	1
75264	42149	1
75278	12463	1
75285	39868	1
75287	11556	1
75288	12194	1
75295	41295	1
75296	47275	1
75305	54213	1
75321	1753	1
75358	57790	1
75368	31338	1
75376	11074	1
75380	30430	1
75413	12493	1
75418	56297	1
75426	48510	1
75431	29560	1
75435	5360	1
75460	60253	1
75493	32291	1
75519	58984	1
75527	39225	1
75541	21060	1
75541	45775	1
75552	15321	1
75555	32580	1
75563	49870	1
75576	17951	1
75582	6846	1
75611	4222	1
75615	12032	1
75617	70237	1
75621	50741	1
75700	38633	1
75703	56043	1
75707	40319	1
75721	27357	1
75735	57527	1
75747	10829	1
75748	41529	1
75755	39155	1
75769	17670	1
75776	56556	1
75788	23581	1
75833	49087	1
75858	53723	1
