1	62680	1
12	40694	1
52	401	1
53	50273	1
64	16885	1
74	36972	1
83	37854	1
85	34407	1
89	64757	1
95	5280	1
103	6897	1
110	47160	1
124	18142	1
132	25227	1
145	56436	1
181	19858	1
192	75378	1
218	71162	1
243	31250	1
276	17574	1
278	67618	1
279	26574	1
282	35577	1
283	27707	1
302	40873	1
304	2927	1
328	32749	1
328	44978	1
329	21151	1
329	59892	1
333	14541	1
347	1808	1
354	61177	1
366	73986	1
373	1571	1
381	22306	1
386	62560	1
418	50725	1
451	1016	1
452	22614	1
455	45795	1
459	29282	1
459	32071	1
462	8198	1
462	13873	1
479	25396	1
485	53054	1
506	11504	1
526	44470	1
527	15494	1
529	25091	1
555	7168	1
555	67330	1
614	61779	1
616	8028	1
617	58901	1
652	13084	1
656	12616	1
656	61256	1
686	37745	1
686	64418	1
700	51416	1
709	11355	1
757	25713	1
776	50929	1
778	34154	1
825	58497	1
842	36603	1
880	15753	1
888	60130	1
892	16783	1
937	9538	1
949	63503	1
962	73838	1
967	12515	1
974	7106	1
978	64079	1
980	9162	1
1001	42295	1
1030	26869	1
1038	14097	1
1053	63144	1
1063	60786	1
1075	2167	1
1134	71806	1
1170	37864	1
1187	37778	1
1200	825	1
1218	42314	1
1220	50582	1
1224	42516	1
1224	64962	1
1231	19329	1
1258	62867	1
1303	32672	1
1312	26763	1
1319	64343	1
1343	46692	1
1371	52771	1
1395	66744	1
1409	29978	1
1430	12544	1
1437	65288	1
1450	62176	1
1454	31314	1
1462	53127	1
1462	64285	1
1468	45706	1
1480	38785	1
1495	20023	1
1496	22603	1
1505	10790	1
1511	53379	1
1543	38230	1
1563	51467	1
1710	57968	1
1715	73453	1
1747	66431	1
1757	53722	1
1771	35559	1
1787	24985	1
1794	35520	1
1799	70162	1
1802	9709	1
1852	45885	1
1873	49820	1
1882	49332	1
1892	71779	1
1893	71344	1
1901	43949	1
1929	1479	1
1956	17105	1
1983	46462	1
1987	447	1
1990	32473	1
2026	22336	1
2049	23596	1
2076	35491	1
2081	68482	1
2137	45367	1
2142	58655	1
2176	37324	1
2189	6089	1
2195	27417	1
2196	14137	1
2204	24265	1
2264	43435	1
2265	56698	1
2298	50580	1
2302	44955	1
2312	29059	1
2314	73427	1
2322	41322	1
2331	69619	1
2356	10259	1
2373	29674	1
2384	40138	1
2434	5043	1
2475	45591	1
2521	39172	1
2533	47680	1
2540	33052	1
2604	42211	1
2612	38551	1
2630	64507	1
2666	51264	1
2719	55975	1
2737	5528	1
2773	54074	1
2775	48085	1
2779	50032	1
2780	11716	1
2785	73155	1
2798	51313	1
2815	16397	1
2816	42843	1
2817	3544	1
2836	37036	1
2840	74945	1
2880	43878	1
2892	46733	1
2893	37099	1
2901	51794	1
2917	42708	1
2918	10039	1
2927	6082	1
2938	52597	1
2940	9502	1
2945	56256	1
2952	36192	1
2975	72988	1
3021	1988	1
3033	73211	1
3037	15462	1
3082	47153	1
3097	19288	1
3118	67231	1
3118	69848	1
3122	6123	1
3124	73330	1
3129	62777	1
3135	1576	1
3152	37930	1
3154	59925	1
3168	15777	1
3191	41860	1
3203	20487	1
3205	39249	1
3215	60003	1
3246	4015	1
3254	70775	1
3261	59403	1
3289	68759	1
3314	64020	1
3357	17367	1
3357	74632	1
3362	19291	1
3366	11584	1
3371	134	1
3401	64532	1
3408	49292	1
3419	596	1
3428	58322	1
3495	56440	1
3538	33122	1
3576	4553	1
3578	10529	1
3654	25247	1
3673	17434	1
3755	69754	1
3781	61994	1
3783	51204	1
3788	30231	1
3794	59098	1
3798	39153	1
3798	44899	1
3813	18204	1
3814	48304	1
3838	31912	1
3856	55778	1
3857	35986	1
3870	65411	1
3880	26536	1
3904	45762	1
3942	10951	1
3944	52285	1
3948	25875	1
3950	47348	1
3954	41694	1
3956	46087	1
3963	25766	1
3963	57509	1
3970	66658	1
3998	68184	1
4027	28067	1
4037	39835	1
4038	50576	1
4040	37055	1
4084	1042	1
4088	69053	1
4098	9187	1
4119	9682	1
4143	36741	1
4144	10469	1
4164	26930	1
4172	20217	1
4183	20570	1
4198	35314	1
4213	13565	1
4221	5778	1
4257	4717	1
4308	24909	1
4367	74505	1
4398	6830	1
4406	697	1
4452	70766	1
4470	17687	1
4478	8892	1
4565	39783	1
4571	12262	1
4581	50242	1
4597	67666	1
4636	62526	1
4637	52643	1
4640	71297	1
4671	75318	1
4693	68075	1
4696	28096	1
4704	20385	1
4719	40105	1
4730	35950	1
4734	42317	1
4745	47166	1
4749	21288	1
4768	25131	1
4778	46585	1
4865	70434	1
4905	65709	1
4946	43637	1
4987	38767	1
4999	71989	1
5047	68396	1
5063	24426	1
5063	54677	1
5067	35665	1
5072	53912	1
5118	68699	1
5177	52367	1
5216	45630	1
5224	52096	1
5228	23260	1
5247	72848	1
5252	24301	1
5284	68610	1
5291	14959	1
5307	38668	1
5314	9509	1
5320	55603	1
5349	41718	1
5386	42144	1
5408	63076	1
5420	17939	1
5433	3129	1
5439	72158	1
5442	447	1
5446	1674	1
5471	20412	1
5496	15617	1
5498	70826	1
5507	48977	1
5516	46042	1
5535	33089	1
5552	8800	1
5606	75308	1
5620	13170	1
5621	1793	1
5637	75371	1
5659	65623	1
5752	20026	1
5774	3092	1
5786	42932	1
5821	25953	1
5831	33025	1
5843	60738	1
5860	52439	1
5865	67783	1
5868	19166	1
5876	73653	1
5879	45825	1
5904	72288	1
5933	30632	1
5935	4075	1
5960	58706	1
6007	52248	1
6008	43598	1
6045	2495	1
6056	61336	1
6084	46383	1
6085	32588	1
6112	71357	1
6118	18583	1
6126	58091	1
6140	72420	1
6153	32922	1
6172	24501	1
6210	9453	1
6230	40244	1
6232	51267	1
6240	69253	1
6259	4182	1
6259	57575	1
6274	53197	1
6288	26457	1
6324	44440	1
6328	49080	1
6383	52856	1
6384	10108	1
6386	15385	1
6386	40825	1
6387	75858	1
6395	11277	1
6401	62655	1
6413	61212	1
6428	12503	1
6462	65235	1
6471	62216	1
6472	9604	1
6474	62436	1
6486	18604	1
6501	41029	1
6517	8920	1
6519	46349	1
6532	66091	1
6534	54817	1
6536	39797	1
6543	27499	1
6555	41739	1
6568	55952	1
6594	71481	1
6607	63890	1
6634	74578	1
6676	27716	1
6715	58226	1
6736	56224	1
6755	71870	1
6773	9747	1
6777	57221	1
6789	6470	1
6806	38386	1
6825	17711	1
6838	5772	1
6861	61889	1
6868	28025	1
6869	22586	1
6885	15579	1
6916	8060	1
6968	16442	1
6971	21636	1
6997	3960	1
7016	47048	1
7020	56071	1
7021	46110	1
7048	20100	1
7051	21289	1
7087	6683	1
7118	17452	1
7127	21565	1
7135	55191	1
7141	14947	1
7161	27810	1
7165	54099	1
7177	6782	1
7183	72373	1
7215	49117	1
7274	16806	1
7275	24163	1
7319	13689	1
7391	26359	1
7395	18708	1
7418	29548	1
7442	27160	1
7455	65435	1
7457	70223	1
7471	25227	1
7476	11201	1
7483	25404	1
7499	37184	1
7516	6117	1
7516	15834	1
7543	57575	1
7554	571	1
7565	66323	1
7613	50030	1
7630	17406	1
7636	17950	1
7639	74973	1
7640	59911	1
7642	10718	1
7668	3998	1
7672	10672	1
7697	35212	1
7708	28718	1
7727	36391	1
7733	22221	1
7741	60453	1
7741	75355	1
7751	48853	1
7756	73478	1
7829	55878	1
7830	19994	1
7839	37362	1
7842	53211	1
7844	10144	1
7845	62168	1
7862	26647	1
7878	25300	1
7903	72519	1
7924	7678	1
7930	36705	1
7931	26525	1
7940	66218	1
7984	64353	1
8045	34070	1
8052	60829	1
8056	58241	1
8061	20440	1
8062	35017	1
8068	37818	1
8078	53876	1
8095	73164	1
8097	47790	1
8118	50770	1
8147	8571	1
8195	2408	1
8223	36895	1
8235	55105	1
8256	47385	1
8267	74687	1
8308	1915	1
8327	67992	1
8396	23822	1
8423	48022	1
8434	68706	1
8444	1146	1
8471	12297	1
8484	44037	1
8503	74406	1
8535	61749	1
8556	71037	1
8560	21835	1
8583	9630	1
8584	36323	1
8600	73222	1
8601	3349	1
8613	33227	1
8615	69987	1
8619	8973	1
8655	31035	1
8680	25816	1
8681	41999	1
8682	11129	1
8682	73161	1
8689	36346	1
8705	3516	1
8716	43824	1
8736	17740	1
8741	17634	1
8751	24639	1
8829	23056	1
8870	11906	1
8872	29655	1
8900	48823	1
8931	43181	1
8937	71817	1
8940	67559	1
8951	50273	1
8985	18982	1
8985	57528	1
9003	17699	1
9011	39635	1
9012	37298	1
9044	9900	1
9045	32031	1
9060	45776	1
9061	54093	1
9065	52257	1
9070	37227	1
9113	36238	1
9115	69809	1
9132	39725	1
9144	75866	1
9198	51200	1
9225	43203	1
9227	43144	1
9243	37918	1
9245	16241	1
9252	36824	1
9262	66075	1
9271	75226	1
9292	42260	1
9299	18759	1
9315	70813	1
9339	34716	1
9351	57178	1
9356	26102	1
9361	11661	1
9381	73720	1
9388	68954	1
9395	43964	1
9402	4998	1
9437	54861	1
9460	41848	1
9496	63583	1
9503	34317	1
9524	58754	1
9553	69036	1
9558	12951	1
9579	35216	1
9600	8007	1
9608	37005	1
9650	12301	1
9650	64826	1
9660	25453	1
9693	73579	1
9694	11279	1
9698	37251	1
9729	38934	1
9748	49830	1
9771	69747	1
9776	13285	1
9792	26547	1
9800	53748	1
9863	13927	1
9872	49539	1
9878	5777	1
9905	44655	1
9912	27197	1
9917	48683	1
9939	12247	1
9946	15594	1
9956	73279	1
9998	60892	1
10000	18195	1
10001	16727	1
10013	3440	1
10018	13140	1
10064	21969	1
10073	12902	1
10081	2209	1
10095	5282	1
10121	33209	1
10142	43437	1
10146	49319	1
10165	53321	1
10197	26285	1
10201	29434	1
10202	10971	1
10207	51775	1
10213	30419	1
10230	45391	1
10245	15979	1
10256	70556	1
10274	6254	1
10281	71064	1
10297	10068	1
10308	65296	1
10313	12583	1
10332	73857	1
10382	9586	1
10388	19728	1
10425	46541	1
10435	27445	1
10444	74354	1
10450	59344	1
10462	10200	1
10462	71770	1
10472	16715	1
10490	12218	1
10545	44470	1
10566	70567	1
10580	31105	1
10592	58291	1
10623	39765	1
10629	51448	1
10651	59650	1
10671	15860	1
10681	16669	1
10683	26328	1
10694	3080	1
10702	66654	1
10710	73493	1
10716	18793	1
10761	22233	1
10771	14107	1
10794	15071	1
10796	63057	1
10803	57655	1
10812	36939	1
10826	26329	1
10832	2296	1
10860	54571	1
10874	27346	1
10885	37707	1
10891	35545	1
10944	53179	1
11009	6217	1
11015	52866	1
11016	12953	1
11071	42377	1
11077	38299	1
11091	3333	1
11125	34079	1
11128	15029	1
11140	33272	1
11149	54801	1
11168	71074	1
11171	49178	1
11178	44306	1
11185	32106	1
11191	61669	1
11204	35156	1
11210	3784	1
11217	9482	1
11229	63812	1
11236	44223	1
11246	1106	1
11246	32100	1
11246	48138	1
11255	34136	1
11269	29756	1
11282	7081	1
11295	67265	1
11296	37751	1
11322	47875	1
11354	64616	1
11369	60493	1
11387	21350	1
11417	20828	1
11440	29518	1
11458	47143	1
11474	42265	1
11481	51215	1
11484	2901	1
11494	63622	1
11510	4678	1
11515	4729	1
11576	4092	1
11631	72583	1
11635	56052	1
11662	49875	1
11666	9882	1
11669	39901	1
11718	20346	1
11722	10516	1
11729	50416	1
11797	49949	1
11808	28925	1
11828	30300	1
11854	55966	1
11884	45299	1
11922	27922	1
11924	73716	1
11929	24345	1
11946	50328	1
11985	51056	1
11986	30972	1
11989	28564	1
11990	31674	1
11999	69437	1
12039	12581	1
12051	56066	1
12089	31240	1
12099	56415	1
12111	35187	1
12120	32839	1
12128	30037	1
12130	10454	1
12132	44675	1
12158	62757	1
12159	24586	1
12164	25655	1
12170	38104	1
12172	61786	1
12175	38684	1
12184	19232	1
12185	42339	1
12200	21056	1
12232	59507	1
12241	72320	1
12244	72734	1
12301	66851	1
12311	62127	1
12333	17495	1
12345	75572	1
12370	48240	1
12373	58570	1
12373	66774	1
12373	71957	1
12393	64597	1
12410	51936	1
12414	38285	1
12419	74799	1
12433	9931	1
12439	35513	1
12445	27355	1
12470	58342	1
12494	1015	1
12524	6528	1
12530	25220	1
12532	54754	1
12541	26641	1
12559	14648	1
12567	5360	1
12595	10989	1
12623	7098	1
12625	15392	1
12627	1848	1
12634	13193	1
12646	73701	1
12665	67500	1
12683	43789	1
12701	52517	1
12750	41387	1
12757	15316	1
12758	1321	1
12776	28442	1
12788	33046	1
12806	47117	1
12873	36950	1
12884	18920	1
12888	71210	1
12916	21482	1
12944	5441	1
12953	56982	1
12973	63045	1
12978	38581	1
12979	31272	1
13021	47335	1
13031	55207	1
13036	17824	1
13052	61830	1
13065	7516	1
13092	71260	1
13122	34914	1
13125	72095	1
13129	35047	1
13132	3051	1
13162	7254	1
13194	20905	1
13237	13248	1
13239	2015	1
13255	30892	1
13269	39006	1
13271	30585	1
13290	22270	1
13308	49865	1
13314	53064	1
13381	58001	1
13430	10343	1
13439	36166	1
13442	35680	1
13458	52840	1
13470	60093	1
13488	9201	1
13495	23741	1
13528	68903	1
13542	49641	1
13580	52708	1
13581	57003	1
13640	15639	1
13641	10817	1
13660	15183	1
13670	74484	1
13671	63991	1
13691	61401	1
13701	51357	1
13738	52461	1
13741	13224	1
13780	47122	1
13824	73075	1
13835	67019	1
13836	27754	1
13880	17233	1
13926	53518	1
13941	15746	1
13986	55910	1
14021	62059	1
14022	62898	1
14039	48478	1
14056	66366	1
14082	49421	1
14090	54238	1
14091	48832	1
14112	70287	1
14117	60454	1
14121	3356	1
14167	72214	1
14181	3402	1
14199	71723	1
14212	63818	1
14223	74653	1
14278	45844	1
14286	33253	1
14294	58167	1
14297	4350	1
14314	65021	1
14332	46066	1
14334	16591	1
14355	27685	1
14364	609	1
14369	8280	1
14403	75607	1
14408	8225	1
14417	70086	1
14426	73821	1
14434	12743	1
14442	63652	1
14443	53472	1
14482	55199	1
14483	3799	1
14491	23513	1
14517	34885	1
14532	62408	1
14533	38241	1
14535	39012	1
14588	71938	1
14592	37358	1
14621	70893	1
14640	42189	1
14652	15646	1
14688	35532	1
14691	69196	1
14695	48012	1
14707	5307	1
14709	65222	1
14717	28725	1
14736	19849	1
14747	4478	1
14765	43411	1
14766	44291	1
14798	53125	1
14811	19170	1
14855	46132	1
14860	824	1
14869	6916	1
14887	49871	1
14917	21081	1
14938	7761	1
14941	70842	1
14954	62281	1
14959	42355	1
14962	55047	1
15013	63363	1
15059	10118	1
15080	54464	1
15086	56659	1
15088	64824	1
15095	12147	1
15115	5217	1
15122	16464	1
15139	41260	1
15142	19559	1
15149	30982	1
15157	64308	1
15178	48747	1
15219	17145	1
15223	7578	1
15224	20805	1
15226	20286	1
15244	62388	1
15248	30599	1
15263	10055	1
15270	534	1
15285	26030	1
15321	75079	1
15368	70823	1
15377	12	1
15401	30187	1
15444	56065	1
15446	46354	1
15449	23337	1
15460	39742	1
15478	28890	1
15484	66378	1
15491	8160	1
15498	17801	1
15504	4554	1
15536	14218	1
15541	47967	1
15549	69952	1
15575	69208	1
15591	60380	1
15603	10410	1
15641	54569	1
15663	41548	1
15713	26291	1
15718	13017	1
15718	32033	1
15726	70022	1
15730	60525	1
15732	26701	1
15767	37208	1
15770	10517	1
15777	12100	1
15781	42943	1
15814	22649	1
15849	21876	1
15851	20240	1
15852	29933	1
15883	35898	1
15918	66755	1
15936	22499	1
15949	70218	1
15967	48722	1
15969	9654	1
16034	31707	1
16036	7880	1
16043	55196	1
16045	19037	1
16047	50349	1
16048	44576	1
16056	63550	1
16058	53571	1
16063	32100	1
16133	60316	1
16201	8124	1
16201	67118	1
16246	61534	1
16293	24570	1
16311	29229	1
16337	27350	1
16390	41639	1
16480	49619	1
16499	39197	1
16501	63486	1
16515	22977	1
16536	40244	1
16538	40462	1
16544	5087	1
16555	63837	1
16556	30959	1
16586	13106	1
16605	25545	1
16630	31708	1
16632	11271	1
16633	71515	1
16671	18006	1
16672	48092	1
16693	19977	1
16713	75257	1
16723	15630	1
16726	1109	1
16742	70831	1
16752	73265	1
16755	16049	1
16761	72667	1
16786	70066	1
16808	32425	1
16815	61830	1
16826	72414	1
16833	41902	1
16853	15559	1
16858	16874	1
16881	48512	1
16886	59568	1
16940	6681	1
16941	26639	1
16945	1242	1
16973	68230	1
16986	14718	1
16986	68514	1
17003	883	1
17016	45075	1
17024	30207	1
17028	1516	1
17034	61004	1
17040	10145	1
17078	13347	1
17117	922	1
17138	8136	1
17174	30935	1
17202	29927	1
17212	26159	1
17212	27031	1
17221	32202	1
17270	30511	1
17286	4415	1
17340	37687	1
17354	12914	1
17383	72962	1
17406	73828	1
17409	37957	1
17416	46558	1
17485	54023	1
17513	54872	1
17516	65889	1
17527	58037	1
17571	51935	1
17622	65976	1
17634	57317	1
17642	21370	1
17660	45558	1
17664	72929	1
17693	14007	1
17728	55420	1
17736	8520	1
17742	38482	1
17748	33430	1
17804	15410	1
17821	72483	1
17843	19734	1
17844	74328	1
17874	59933	1
17883	42709	1
17896	71087	1
17901	35120	1
17916	21562	1
17998	67572	1
18004	30680	1
18034	71602	1
18075	74460	1
18079	26332	1
18091	45786	1
18100	15296	1
18112	20686	1
18152	59622	1
18175	9853	1
18194	49659	1
18197	54268	1
18206	34415	1
18223	24399	1
18252	21973	1
18266	39147	1
18279	52065	1
18287	15682	1
18302	41916	1
18322	45709	1
18333	41346	1
18364	10921	1
18366	50794	1
18375	9015	1
18477	70519	1
18485	69206	1
18506	32611	1
18516	40796	1
18523	69209	1
18544	47314	1
18587	9368	1
18597	19552	1
18601	2382	1
18634	17320	1
18672	43902	1
18678	12392	1
18684	73407	1
18685	52064	1
18691	8451	1
18696	48473	1
18704	8534	1
18704	17829	1
18705	17533	1
18714	2029	1
18717	69774	1
18719	20009	1
18719	27642	1
18727	68529	1
18761	57987	1
18762	62861	1
18766	2704	1
18767	65102	1
18780	60625	1
18791	36471	1
18807	42228	1
18829	72039	1
18842	65516	1
18864	26039	1
18868	47885	1
18879	34437	1
18955	4095	1
18966	44194	1
18969	52676	1
18990	19884	1
19004	44648	1
19031	41583	1
19042	65594	1
19042	71217	1
19066	58290	1
19086	23021	1
19089	26206	1
19091	16693	1
19098	55314	1
19107	37323	1
19125	589	1
19176	71702	1
19180	14340	1
19183	49267	1
19201	70797	1
19231	15868	1
19271	9370	1
19275	40659	1
19277	32840	1
19280	54520	1
19295	49545	1
19298	2459	1
19303	40578	1
19326	45276	1
19357	47822	1
19360	73175	1
19377	71583	1
19378	2475	1
19412	66394	1
19452	14459	1
19464	66426	1
19470	75494	1
19475	19697	1
19476	18220	1
19478	36210	1
19485	24163	1
19491	64538	1
19541	74121	1
19575	23913	1
19606	45132	1
19618	17077	1
19647	62844	1
19650	37266	1
19671	6696	1
19694	44966	1
19744	42647	1
19745	62045	1
19760	24749	1
19769	75489	1
19785	46968	1
19823	74610	1
19854	28136	1
19872	35561	1
19885	6481	1
19909	58772	1
19925	68097	1
19948	1883	1
19960	12798	1
19988	63812	1
20009	57673	1
20037	73494	1
20044	53232	1
20055	44793	1
20057	28030	1
20073	5290	1
20089	74550	1
20093	5729	1
20093	56034	1
20093	73363	1
20095	46460	1
20104	11498	1
20105	42993	1
20108	40714	1
20118	46885	1
20140	1808	1
20211	45567	1
20215	31074	1
20220	15400	1
20248	49226	1
20268	57647	1
20268	66362	1
20283	21800	1
20333	2232	1
20372	46919	1
20377	19219	1
20385	5187	1
20416	15063	1
20435	31715	1
20469	22818	1
20469	26680	1
20544	23454	1
20547	65951	1
20561	71443	1
20598	56304	1
20642	11347	1
20656	70875	1
20674	56233	1
20704	34031	1
20725	12324	1
20741	39781	1
20774	12892	1
20796	40755	1
20835	47287	1
20881	57811	1
20915	54313	1
20918	45632	1
20926	53915	1
20928	8590	1
20931	75232	1
20950	34704	1
20978	15107	1
20978	28615	1
20998	22170	1
21009	63222	1
21011	21602	1
21027	1967	1
21048	70448	1
21066	3677	1
21101	23416	1
21133	70218	1
21143	54405	1
21152	27935	1
21156	44377	1
21199	31715	1
21214	13813	1
21216	26627	1
21235	25573	1
21251	9001	1
21260	17265	1
21289	56771	1
21307	33380	1
21310	12130	1
21321	63032	1
21331	69867	1
21349	28915	1
21352	32939	1
21409	21222	1
21432	52861	1
21445	29065	1
21453	21328	1
21467	53909	1
21472	41554	1
21476	38284	1
21478	39930	1
21493	15488	1
21504	46428	1
21516	71012	1
21577	31073	1
21601	6609	1
21610	44890	1
21625	19252	1
21646	47800	1
21647	73080	1
21650	2098	1
21656	28904	1
21659	64531	1
21662	52403	1
21673	23091	1
21678	56230	1
21690	56795	1
21714	52960	1
21715	67817	1
21725	52077	1
21727	31114	1
21740	72607	1
21746	18148	1
21758	3445	1
21761	40909	1
21763	32866	1
21777	14051	1
21782	71014	1
21811	33485	1
21818	59276	1
21826	74558	1
21860	46275	1
21899	17681	1
21909	61568	1
21915	18323	1
21924	47451	1
21927	41404	1
21936	62114	1
21957	51866	1
22028	53975	1
22029	22407	1
22056	26202	1
22061	58679	1
22069	7318	1
22132	68829	1
22137	19143	1
22159	75158	1
22176	6903	1
22188	1682	1
22188	14208	1
22196	71121	1
22197	63079	1
22198	24595	1
22209	43156	1
22217	52975	1
22227	16714	1
22230	22976	1
22231	44694	1
22233	55694	1
22239	48148	1
22257	10190	1
22274	9212	1
22274	44934	1
22328	63306	1
22331	11874	1
22344	54970	1
22350	34406	1
22370	34973	1
22396	26667	1
22400	25126	1
22426	46936	1
22437	37602	1
22500	55503	1
22529	14530	1
22561	25733	1
22569	29769	1
22609	31989	1
22614	1468	1
22623	30720	1
22636	48669	1
22644	9062	1
22648	243	1
22671	38850	1
22693	37217	1
22698	19135	1
22715	5413	1
22727	58066	1
22741	3715	1
22743	22752	1
22750	23130	1
22752	59506	1
22797	24897	1
22801	44050	1
22804	72629	1
22831	28801	1
22846	9204	1
22854	44401	1
22859	41777	1
22870	24450	1
22879	180	1
22884	19347	1
22884	26982	1
22886	41018	1
22922	35246	1
22968	26208	1
22995	2111	1
23012	6564	1
23014	74707	1
23028	42601	1
23038	29061	1
23043	24826	1
23050	63954	1
23067	69662	1
23100	36437	1
23110	30485	1
23119	66924	1
23139	10722	1
23140	46492	1
23151	24464	1
23168	41406	1
23203	55754	1
23248	59672	1
23256	16041	1
23269	49266	1
23289	41023	1
23321	30654	1
23347	47351	1
23374	61803	1
23384	17844	1
23387	43861	1
23425	13554	1
23446	47375	1
23454	39527	1
23465	55506	1
23501	58564	1
23526	17192	1
23529	25471	1
23533	46291	1
23538	56976	1
23546	54601	1
23548	55507	1
23552	29134	1
23556	41910	1
23591	50361	1
23654	75267	1
23664	51702	1
23690	68319	1
23716	38984	1
23725	15050	1
23811	42516	1
23824	25934	1
23837	56366	1
23859	50244	1
23871	74454	1
23877	8048	1
23915	22733	1
23926	27538	1
23928	18984	1
23957	21952	1
23959	56023	1
23968	60957	1
23990	40427	1
24001	19160	1
24023	35440	1
24034	74734	1
24036	57942	1
24052	15990	1
24082	19530	1
24085	24471	1
24087	68614	1
24107	35603	1
24108	68314	1
24109	6320	1
24115	42584	1
24173	14116	1
24229	25192	1
24240	11108	1
24253	21381	1
24284	75015	1
24324	64763	1
24334	32453	1
24336	39886	1
24341	63738	1
24350	42438	1
24366	36249	1
24368	58512	1
24373	68049	1
24391	9274	1
24423	70133	1
24445	8029	1
24472	34945	1
24487	405	1
24495	44455	1
24511	42349	1
24557	64964	1
24582	53750	1
24583	70801	1
24585	52775	1
24598	18152	1
24599	59890	1
24604	20151	1
24618	25720	1
24620	60071	1
24642	24165	1
24645	12582	1
24647	21329	1
24666	39553	1
24667	43098	1
24673	73207	1
24724	8410	1
24759	4653	1
24804	11256	1
24809	52706	1
24813	35334	1
24814	54252	1
24816	30267	1
24830	40686	1
24836	36068	1
24853	60332	1
24858	2150	1
24868	75001	1
24873	53390	1
24876	8144	1
24876	69691	1
24897	30436	1
24905	28348	1
24929	63652	1
24931	23145	1
24965	40209	1
24970	11727	1
24980	5312	1
25002	16006	1
25016	29614	1
25043	46041	1
25044	51631	1
25076	1532	1
25105	33178	1
25127	1452	1
25155	11703	1
25186	12979	1
25210	75635	1
25278	22049	1
25291	15854	1
25303	47557	1
25309	65241	1
25318	53267	1
25329	31320	1
25385	38223	1
25388	73635	1
25425	16263	1
25444	52842	1
25471	62733	1
25472	71184	1
25482	62111	1
25491	46316	1
25529	72941	1
25544	52828	1
25546	30260	1
25548	53651	1
25563	63116	1
25575	68219	1
25579	45674	1
25585	24628	1
25587	15859	1
25588	53009	1
25591	52942	1
25593	8537	1
25593	70263	1
25597	73670	1
25618	36646	1
25633	61424	1
25637	51279	1
25641	66621	1
25671	22216	1
25684	22330	1
25729	12249	1
25733	68177	1
25751	17554	1
25804	59506	1
25814	764	1
25819	65860	1
25828	11153	1
25835	11618	1
25840	59608	1
25840	68086	1
25867	20464	1
25890	65186	1
25913	18192	1
25951	41410	1
25960	20870	1
25969	30916	1
25988	14050	1
25998	40767	1
26016	40694	1
26025	23664	1
26032	31623	1
26033	25540	1
26061	12087	1
26102	59160	1
26108	53065	1
26112	30696	1
26129	9965	1
26136	72317	1
26155	72825	1
26171	8210	1
26173	75497	1
26183	58676	1
26186	38072	1
26203	41951	1
26262	10954	1
26281	43996	1
26296	11346	1
26310	56204	1
26322	15882	1
26333	43141	1
26386	32860	1
26399	8190	1
26416	48100	1
26431	18826	1
26445	42851	1
26450	39627	1
26451	67291	1
26454	59531	1
26462	18974	1
26468	2812	1
26475	34389	1
26481	12876	1
26491	75113	1
26545	25007	1
26553	44003	1
26556	61069	1
26562	14526	1
26571	9346	1
26612	50794	1
26620	54637	1
26621	66635	1
26622	47212	1
26667	61978	1
26668	50197	1
26679	53315	1
26681	71982	1
26682	56315	1
26709	37170	1
26709	37832	1
26723	22240	1
26739	71198	1
26746	42258	1
26765	11971	1
26778	56508	1
26830	9969	1
26834	17890	1
26858	2936	1
26860	605	1
26871	21443	1
26878	59319	1
26896	7264	1
26943	75232	1
26944	18561	1
26987	3683	1
27047	47755	1
27055	52324	1
27069	59789	1
27077	39319	1
27134	20116	1
27136	8135	1
27196	13406	1
27197	40740	1
27271	60327	1
27276	53910	1
27292	21336	1
27320	40807	1
27332	7006	1
27355	36814	1
27357	9338	1
27362	37692	1
27380	8636	1
27454	50915	1
27462	55768	1
27495	67191	1
27495	74765	1
27513	3075	1
27548	42721	1
27549	34053	1
27558	63437	1
27577	5409	1
27593	67761	1
27603	26811	1
27605	23642	1
27606	4278	1
27628	47519	1
27639	54965	1
27645	25768	1
27675	49615	1
27680	72798	1
27691	63586	1
27698	46783	1
27717	33909	1
27719	42875	1
27721	66985	1
27749	326	1
27762	30941	1
27764	7969	1
27765	54955	1
27779	65656	1
27784	30208	1
27802	12229	1
27802	19203	1
27805	24875	1
27818	53731	1
27819	11567	1
27822	28883	1
27847	31576	1
27851	22788	1
27871	41583	1
27879	31034	1
27899	74516	1
27901	61111	1
27918	60235	1
27939	17181	1
27986	35161	1
27990	63520	1
28045	60061	1
28059	58651	1
28063	58836	1
28103	46592	1
28124	39234	1
28126	50199	1
28129	7356	1
28135	10639	1
28173	30006	1
28184	52068	1
28202	60258	1
28204	20547	1
28229	64502	1
28243	36307	1
28244	43198	1
28279	51949	1
28318	37226	1
28349	47897	1
28378	70817	1
28384	28779	1
28410	30632	1
28446	45329	1
28455	33437	1
28466	49765	1
28479	27967	1
28481	7323	1
28483	35083	1
28487	45978	1
28499	26397	1
28513	5875	1
28585	57268	1
28588	30428	1
28607	10991	1
28616	9348	1
28639	23550	1
28642	45417	1
28652	62324	1
28654	8420	1
28682	46516	1
28691	73359	1
28694	13084	1
28701	32229	1
28717	23876	1
28725	21767	1
28737	29131	1
28788	7335	1
28800	41034	1
28812	47007	1
28831	30881	1
28844	30801	1
28850	5586	1
28860	17696	1
28905	72334	1
28918	71020	1
29040	40219	1
29041	58633	1
29052	73123	1
29076	55301	1
29092	33118	1
29095	1586	1
29140	32695	1
29141	69830	1
29143	56734	1
29173	50110	1
29175	9063	1
29179	3162	1
29202	9330	1
29217	25838	1
29243	65479	1
29259	52482	1
29292	852	1
29297	56812	1
29314	34434	1
29315	32658	1
29330	50971	1
29351	16938	1
29378	50486	1
29381	68879	1
29404	21684	1
29410	14955	1
29412	17042	1
29426	16469	1
29455	49216	1
29482	22666	1
29482	43715	1
29517	64147	1
29531	72537	1
29549	47301	1
29567	34687	1
29577	38608	1
29608	27374	1
29613	7778	1
29643	64061	1
29660	55670	1
29701	68405	1
29751	60085	1
29783	15505	1
29802	59109	1
29830	51538	1
29831	62033	1
29867	71127	1
29880	74282	1
29945	41915	1
29952	44541	1
29954	18516	1
29955	29400	1
29959	52519	1
29967	23867	1
29981	55285	1
29992	8736	1
29997	39887	1
30022	21564	1
30024	46261	1
30027	11453	1
30028	71643	1
30062	35379	1
30086	75197	1
30110	10822	1
30114	65337	1
30122	35670	1
30149	59991	1
30157	62501	1
30165	1452	1
30186	14646	1
30193	638	1
30212	44140	1
30223	71999	1
30259	69139	1
30273	51061	1
30289	61304	1
30332	34220	1
30357	2448	1
30369	20423	1
30376	48689	1
30377	14476	1
30384	55676	1
30415	900	1
30423	46620	1
30424	65051	1
30432	10854	1
30442	31254	1
30445	33575	1
30454	45887	1
30525	7479	1
30560	25797	1
30583	56571	1
30584	25914	1
30615	6425	1
30637	4048	1
30661	15206	1
30663	34610	1
30703	11870	1
30733	72357	1
30737	9808	1
30751	1471	1
30771	14935	1
30788	66281	1
30792	66561	1
30804	14998	1
30812	67294	1
30820	67397	1
30830	20751	1
30856	57142	1
30920	13627	1
30937	59944	1
30948	13936	1
30948	38218	1
30955	69866	1
30955	75642	1
30969	68557	1
31000	9600	1
31002	7238	1
31014	75759	1
31029	37766	1
31069	63231	1
31081	60930	1
31086	14360	1
31095	68011	1
31109	36233	1
31122	71317	1
31133	62027	1
31136	26620	1
31137	20580	1
31137	21883	1
31174	23941	1
31182	63226	1
31216	70051	1
31244	46311	1
31248	54135	1
31261	54712	1
31262	43671	1
31263	34236	1
31287	15511	1
31297	28121	1
31311	47439	1
31329	5215	1
31337	50064	1
31380	21530	1
31427	58014	1
31442	23411	1
31442	68413	1
31457	59454	1
31465	64246	1
31511	50420	1
31529	7655	1
31529	69077	1
31530	47188	1
31553	16568	1
31555	43032	1
31588	804	1
31608	63618	1
31618	18345	1
31643	65411	1
31646	62097	1
31655	49725	1
31664	45789	1
31669	18619	1
31700	63899	1
31711	24317	1
31728	18952	1
31754	58169	1
31824	67658	1
31829	49647	1
31848	37660	1
31860	56634	1
31879	37837	1
31965	8055	1
31987	57124	1
31993	71786	1
32002	56888	1
32011	18049	1
32025	60162	1
32082	52771	1
32113	32912	1
32134	42824	1
32136	51337	1
32142	33671	1
32163	26837	1
32169	9497	1
32171	17008	1
32186	65399	1
32186	69855	1
32207	15083	1
32207	45118	1
32218	10562	1
32224	36088	1
32227	59782	1
32231	58033	1
32236	43541	1
32293	10024	1
32302	18929	1
32352	57835	1
32358	64908	1
32376	28320	1
32383	13486	1
32401	73065	1
32411	23429	1
32423	70544	1
32428	24207	1
32428	41521	1
32476	11894	1
32483	72645	1
32492	30104	1
32501	64038	1
32508	1878	1
32524	57246	1
32543	60971	1
32552	38300	1
32601	16541	1
32630	74595	1
32640	29810	1
32649	63994	1
32653	64699	1
32698	50835	1
32709	68265	1
32715	58389	1
32762	26172	1
32764	4841	1
32785	4255	1
32785	31534	1
32809	53959	1
32835	35723	1
32840	40755	1
32867	27301	1
32882	43132	1
32893	73259	1
32909	68253	1
32955	20290	1
32981	61894	1
32983	22870	1
32985	12412	1
33002	43369	1
33009	31113	1
33015	40648	1
33022	50176	1
33033	54656	1
33069	58562	1
33085	66769	1
33109	70534	1
33111	34033	1
33138	64567	1
33140	32193	1
33175	58560	1
33184	65134	1
33196	43291	1
33210	5889	1
33227	70991	1
33256	57490	1
33259	18267	1
33296	29400	1
33296	37014	1
33298	37320	1
33300	33465	1
33309	21035	1
33320	6915	1
33340	47872	1
33363	42943	1
33377	11225	1
33378	27579	1
33380	54637	1
33409	10598	1
33475	706	1
33501	36018	1
33569	64980	1
33590	27187	1
33596	37627	1
33632	23251	1
33634	67728	1
33635	24213	1
33655	39910	1
33681	8991	1
33699	63082	1
33712	72011	1
33729	28260	1
33807	31555	1
33812	34374	1
33844	69778	1
33851	30054	1
33881	7677	1
33882	55069	1
33886	26669	1
33887	65628	1
33888	34742	1
33892	57958	1
33910	5105	1
33930	37652	1
33944	55789	1
33980	33325	1
33997	50186	1
34015	69619	1
34026	54050	1
34026	65363	1
34036	49813	1
34056	46934	1
34061	7088	1
34070	43079	1
34082	7314	1
34086	44876	1
34101	64321	1
34128	55485	1
34130	46095	1
34148	38270	1
34156	4808	1
34206	33730	1
34215	29346	1
34221	5826	1
34225	63090	1
34257	54118	1
34280	71990	1
34282	59796	1
34299	35921	1
34341	75151	1
34353	9138	1
34372	16383	1
34385	72358	1
34412	70827	1
34443	17558	1
34451	68391	1
34454	33555	1
34477	58419	1
34532	23330	1
34539	62817	1
34544	71447	1
34554	39597	1
34570	34332	1
34594	40812	1
34603	30097	1
34636	52249	1
34667	4755	1
34670	71055	1
34677	55241	1
34690	34188	1
34713	5046	1
34745	63538	1
34768	50195	1
34776	9561	1
34789	54508	1
34792	22872	1
34825	10592	1
34836	63315	1
34862	47212	1
34869	32570	1
34882	37265	1
34892	22930	1
34912	57317	1
34914	5889	1
34915	7628	1
34921	44226	1
34966	15591	1
34971	46658	1
34990	26504	1
34990	48542	1
35011	46278	1
35021	61545	1
35049	68179	1
35072	19007	1
35074	26372	1
35137	25350	1
35161	10776	1
35164	17886	1
35169	64828	1
35177	69637	1
35181	31758	1
35197	68887	1
35201	22691	1
35223	45033	1
35231	66858	1
35234	46464	1
35240	53393	1
35242	71516	1
35248	73656	1
35251	68077	1
35270	7214	1
35293	45493	1
35305	31904	1
35307	19297	1
35323	70437	1
35343	1873	1
35362	19496	1
35366	29920	1
35385	30051	1
35408	51473	1
35445	75251	1
35449	30350	1
35450	6310	1
35465	25557	1
35475	37007	1
35476	25735	1
35477	44319	1
35526	25019	1
35531	47032	1
35533	14780	1
35571	10995	1
35583	1061	1
35583	26629	1
35595	13025	1
35595	45093	1
35608	64442	1
35694	75768	1
35710	75412	1
35727	13296	1
35746	60663	1
35763	27876	1
35777	15486	1
35808	23433	1
35830	10775	1
35831	60413	1
35863	18471	1
35867	40706	1
35874	8305	1
35889	13685	1
35890	75696	1
35891	46811	1
35903	12495	1
35904	65273	1
35908	25424	1
35916	32960	1
35931	23785	1
35931	52416	1
35949	31043	1
35989	30650	1
35995	49735	1
35997	22091	1
36008	53807	1
36011	46065	1
36015	68559	1
36031	48330	1
36045	35963	1
36073	40212	1
36081	31713	1
36106	57737	1
36115	57611	1
36116	4279	1
36133	33711	1
36152	8797	1
36156	21448	1
36198	4787	1
36218	35036	1
36229	36335	1
36259	3060	1
36262	19808	1
36273	16105	1
36335	26870	1
36364	20112	1
36431	57931	1
36441	71115	1
36448	33052	1
36452	57403	1
36486	46978	1
36489	9168	1
36493	54834	1
36533	34464	1
36558	51867	1
36572	45664	1
36582	66352	1
36603	15277	1
36671	52821	1
36674	32273	1
36698	16182	1
36712	61654	1
36714	9225	1
36739	36531	1
36756	14360	1
36767	44440	1
36774	55657	1
36799	20927	1
36800	44395	1
36822	25425	1
36822	73844	1
36837	31495	1
36844	1365	1
36849	6286	1
36865	61856	1
36874	42942	1
36886	62943	1
36908	60934	1
36909	35043	1
36923	69976	1
36937	8148	1
36962	18522	1
36962	42279	1
36963	7823	1
36966	26604	1
36981	63776	1
36988	24565	1
36998	11973	1
37031	1343	1
37084	29249	1
37099	35413	1
37103	49404	1
37108	41867	1
37153	49860	1
37192	35106	1
37219	32823	1
37230	28435	1
37247	70550	1
37250	2503	1
37267	69508	1
37277	21345	1
37302	68006	1
37316	39321	1
37320	40317	1
37345	72248	1
37364	36128	1
37379	62956	1
37384	21914	1
37413	70709	1
37421	20500	1
37426	36478	1
37457	14348	1
37472	8030	1
37476	30410	1
37485	40111	1
37506	35299	1
37507	49851	1
37533	445	1
37534	60616	1
37565	59142	1
37607	58474	1
37610	26903	1
37628	19104	1
37644	24063	1
37647	36312	1
37680	72613	1
37682	23834	1
37684	11360	1
37709	54686	1
37722	15149	1
37780	46963	1
37816	6581	1
37842	9227	1
37850	37134	1
37860	66765	1
37873	29142	1
37883	28171	1
37883	30873	1
37884	40327	1
37901	58896	1
37907	52244	1
37924	43050	1
37935	47472	1
37936	20030	1
37940	53528	1
37954	8841	1
37955	51251	1
37961	67612	1
37988	50045	1
37995	66513	1
37997	55985	1
38003	12094	1
38055	56561	1
38058	67854	1
38060	56727	1
38076	64857	1
38078	35501	1
38177	38660	1
38181	3867	1
38181	68637	1
38201	42561	1
38212	68394	1
38214	67221	1
38253	64430	1
38286	42896	1
38302	72144	1
38317	48750	1
38406	655	1
38408	61521	1
38409	65742	1
38432	40764	1
38439	32361	1
38457	5224	1
38460	3497	1
38463	14991	1
38477	5475	1
38501	50235	1
38519	19819	1
38534	74797	1
38556	59077	1
38575	67184	1
38582	27322	1
38595	40970	1
38608	24662	1
38666	15849	1
38685	29796	1
38741	39326	1
38746	518	1
38748	66946	1
38766	43386	1
38774	24791	1
38784	55990	1
38785	33155	1
38820	62288	1
38837	6816	1
38840	73913	1
38898	28281	1
38899	13736	1
38937	20769	1
38946	32120	1
38972	36661	1
39007	11518	1
39022	23899	1
39024	38143	1
39025	55772	1
39040	54250	1
39046	46017	1
39058	47519	1
39075	32376	1
39082	64159	1
39085	19072	1
39100	47593	1
39103	37571	1
39157	71686	1
39159	26363	1
39164	14700	1
39190	30900	1
39191	21744	1
39210	35932	1
39221	62245	1
39224	10978	1
39224	28926	1
39229	58282	1
39233	45779	1
39238	55038	1
39298	37780	1
39340	65268	1
39343	5815	1
39352	71421	1
39358	59758	1
39374	17223	1
39384	29811	1
39396	43123	1
39398	52034	1
39412	39264	1
39422	39519	1
39428	41713	1
39429	55486	1
39445	66307	1
39477	50001	1
39479	56110	1
39480	73973	1
39504	18433	1
39539	71740	1
39543	24972	1
39548	67225	1
39556	57339	1
39568	29577	1
39579	47155	1
39583	21090	1
39594	42629	1
39614	36478	1
39653	39487	1
39668	42174	1
39689	9914	1
39690	73119	1
39692	54999	1
39754	63163	1
39773	66175	1
39783	50724	1
39794	32823	1
39808	30299	1
39825	37945	1
39832	22162	1
39842	14997	1
39844	6432	1
39867	15299	1
39890	12805	1
39921	31211	1
39928	17247	1
39930	28420	1
39961	17165	1
39961	51285	1
39972	31016	1
40023	44625	1
40092	11536	1
40094	19169	1
40112	49123	1
40132	35802	1
40138	24557	1
40164	10586	1
40190	43200	1
40208	19869	1
40218	49206	1
40227	29542	1
40242	30509	1
40266	40690	1
40315	15306	1
40386	1978	1
40426	8292	1
40437	30055	1
40459	13313	1
40480	34710	1
40493	74881	1
40502	19830	1
40519	69420	1
40520	39236	1
40528	7870	1
40564	32746	1
40565	26983	1
40567	41386	1
40572	42852	1
40579	55215	1
40609	15960	1
40618	1289	1
40634	25505	1
40644	71225	1
40658	27650	1
40663	50380	1
40718	37220	1
40734	36278	1
40751	53254	1
40811	53251	1
40815	55632	1
40820	44349	1
40822	73412	1
40838	46744	1
40840	39998	1
40899	26940	1
40919	41368	1
40923	19769	1
40931	39945	1
40951	59242	1
40982	41534	1
40987	10175	1
40987	63022	1
40999	69678	1
41006	66022	1
41007	39588	1
41021	33122	1
41048	38423	1
41080	61797	1
41099	72830	1
41103	66735	1
41151	70593	1
41157	12361	1
41253	40589	1
41259	16668	1
41317	512	1
41360	54353	1
41366	59918	1
41396	68304	1
41413	48310	1
41417	44857	1
41424	69015	1
41452	17019	1
41501	68893	1
41527	3249	1
41543	15731	1
41548	60100	1
41552	50685	1
41564	2590	1
41569	38222	1
41575	15251	1
41597	49287	1
41605	3439	1
41612	783	1
41620	9684	1
41643	57161	1
41649	30247	1
41652	3451	1
41659	22937	1
41661	21885	1
41666	73676	1
41683	69275	1
41701	69028	1
41735	28365	1
41747	50801	1
41770	50454	1
41796	6368	1
41803	37171	1
41817	23554	1
41821	74205	1
41824	65834	1
41839	21632	1
41849	37687	1
41899	19188	1
41901	2176	1
41915	48356	1
41924	61972	1
41947	29247	1
41965	58551	1
41976	59374	1
42023	48106	1
42032	36560	1
42036	58839	1
42039	5675	1
42075	43300	1
42090	759	1
42095	9299	1
42127	21783	1
42146	33288	1
42153	53949	1
42164	53111	1
42196	33468	1
42197	31035	1
42224	67411	1
42243	22524	1
42252	53787	1
42274	7101	1
42306	24764	1
42377	66616	1
42388	31344	1
42392	56531	1
42392	68779	1
42397	3579	1
42403	49881	1
42412	72372	1
42433	36108	1
42433	57400	1
42462	38942	1
42510	4422	1
42513	33506	1
42514	46292	1
42532	54727	1
42533	5552	1
42541	10773	1
42603	6410	1
42612	54260	1
42667	66900	1
42692	26709	1
42693	55202	1
42722	48723	1
42799	17759	1
42805	27799	1
42807	49009	1
42813	31918	1
42818	33462	1
42819	35581	1
42837	24663	1
42849	70809	1
42854	22770	1
42910	74435	1
42921	37983	1
42928	8492	1
42928	21183	1
42931	55086	1
42932	58391	1
42954	65078	1
42960	57719	1
42973	29390	1
42974	39713	1
42978	60017	1
42993	51930	1
42996	29886	1
42998	52909	1
43032	27716	1
43045	58311	1
43047	28230	1
43053	21203	1
43071	61582	1
43077	30015	1
43104	64099	1
43105	53186	1
43109	48537	1
43120	75239	1
43145	64682	1
43162	47805	1
43193	12481	1
43207	49607	1
43209	2783	1
43263	45402	1
43307	53482	1
43314	18723	1
43339	72532	1
43341	27270	1
43365	8466	1
43392	74220	1
43416	14693	1
43425	73495	1
43440	8858	1
43450	69629	1
43466	59099	1
43491	11424	1
43499	44110	1
43514	25175	1
43523	47477	1
43596	64827	1
43604	3308	1
43621	8273	1
43626	61954	1
43632	73389	1
43679	45930	1
43725	58166	1
43758	12455	1
43811	45188	1
43826	11505	1
43842	34701	1
43861	12532	1
43881	52243	1
43906	46130	1
43936	52914	1
43939	37629	1
43948	5033	1
43957	38311	1
43958	51865	1
43973	20772	1
43980	23578	1
43982	47149	1
44015	32652	1
44027	1268	1
44050	10151	1
44061	11729	1
44069	23401	1
44120	3847	1
44130	32598	1
44133	14556	1
44138	40801	1
44153	1260	1
44162	66829	1
44169	65426	1
44180	28304	1
44206	34976	1
44225	14997	1
44252	48369	1
44271	17500	1
44278	10475	1
44279	32543	1
44281	68537	1
44285	66671	1
44299	11976	1
44331	57184	1
44333	30861	1
44371	28650	1
44404	69759	1
44443	43247	1
44448	59335	1
44462	44542	1
44472	7919	1
44483	15142	1
44491	88	1
44502	61866	1
44510	56386	1
44520	65276	1
44529	8882	1
44557	56039	1
44638	24405	1
44650	28918	1
44679	42468	1
44700	4731	1
44707	37535	1
44716	38931	1
44722	8716	1
44738	15914	1
44739	57893	1
44761	11939	1
44786	49813	1
44817	8332	1
44826	62631	1
44837	56185	1
44849	67838	1
44851	37150	1
44853	67139	1
44893	72128	1
44911	64975	1
44942	73192	1
44944	71298	1
44961	28270	1
44994	71107	1
45005	5286	1
45056	71049	1
45071	19491	1
45102	34720	1
45159	29080	1
45171	71675	1
45175	58083	1
45185	18326	1
45190	52632	1
45195	41435	1
45244	73089	1
45246	67706	1
45249	13328	1
45285	68896	1
45324	1555	1
45344	40027	1
45353	7670	1
45354	66553	1
45381	62997	1
45388	10552	1
45407	72321	1
45442	16581	1
45465	56413	1
45476	19583	1
45549	31577	1
45549	59039	1
45550	32469	1
45551	42676	1
45559	34558	1
45579	13046	1
45604	10514	1
45619	49244	1
45692	3275	1
45714	38977	1
45724	53321	1
45739	32969	1
45752	2551	1
45800	68736	1
45819	25497	1
45826	2797	1
45859	34962	1
45898	51159	1
45904	45901	1
45915	38118	1
45924	3385	1
45928	60775	1
45975	15630	1
45975	71277	1
46015	24447	1
46027	32666	1
46038	16443	1
46061	10923	1
46068	67491	1
46080	5111	1
46099	37196	1
46102	66201	1
46107	10789	1
46145	55013	1
46200	32111	1
46203	29791	1
46208	31584	1
46208	46766	1
46213	11483	1
46228	31475	1
46232	23985	1
46272	17933	1
46289	4132	1
46310	915	1
46310	5232	1
46313	42373	1
46316	2639	1
46367	25586	1
46403	9260	1
46406	66434	1
46420	49077	1
46430	27895	1
46433	52408	1
46458	13152	1
46461	63437	1
46491	919	1
46497	74221	1
46533	58204	1
46544	75155	1
46565	48055	1
46581	41976	1
46592	7729	1
46601	19664	1
46610	39223	1
46619	23224	1
46619	34142	1
46632	74125	1
46654	39129	1
46674	29776	1
46685	44063	1
46691	40084	1
46692	44220	1
46714	4326	1
46735	36435	1
46739	60958	1
46753	12159	1
46786	45805	1
46788	16961	1
46801	42348	1
46819	59666	1
46844	4415	1
46868	30779	1
46877	71445	1
46884	52520	1
46885	61243	1
46890	28410	1
46893	71471	1
46898	19920	1
46902	39128	1
46925	23811	1
46931	31572	1
47007	37536	1
47059	52819	1
47065	32445	1
47072	35659	1
47075	13690	1
47117	283	1
47160	60586	1
47206	10590	1
47211	70019	1
47216	23391	1
47260	9871	1
47284	16753	1
47335	52576	1
47376	41149	1
47395	52218	1
47398	63675	1
47416	47741	1
47424	42103	1
47442	74884	1
47448	39361	1
47452	44659	1
47465	74669	1
47469	19187	1
47472	17083	1
47485	51748	1
47496	10772	1
47506	13309	1
47513	68784	1
47529	73828	1
47564	14071	1
47565	56993	1
47588	62240	1
47589	62936	1
47656	46563	1
47704	34867	1
47714	69632	1
47714	70273	1
47766	71670	1
47780	47510	1
47786	47445	1
47790	2660	1
47806	48608	1
47834	12773	1
47879	57199	1
47884	45071	1
47886	10174	1
47886	23723	1
47897	3277	1
47900	25209	1
47909	45160	1
47917	755	1
47944	20747	1
47961	36406	1
48009	16947	1
48066	16024	1
48072	74671	1
48089	50600	1
48148	24718	1
48162	9918	1
48221	24819	1
48229	52369	1
48233	25375	1
48244	66229	1
48248	28687	1
48250	52445	1
48265	57376	1
48269	44904	1
48284	58458	1
48285	28858	1
48286	1391	1
48296	1025	1
48302	74671	1
48357	40866	1
48424	71529	1
48428	37006	1
48499	27848	1
48552	23336	1
48555	68787	1
48585	6501	1
48612	70514	1
48613	34102	1
48613	36530	1
48628	29976	1
48638	70446	1
48650	20946	1
48653	39767	1
48663	1218	1
48664	30800	1
48686	40956	1
48687	42855	1
48691	19	1
48693	68582	1
48694	73392	1
48702	72198	1
48723	47684	1
48730	68838	1
48743	16813	1
48747	18035	1
48778	43593	1
48780	2232	1
48801	64243	1
48847	67433	1
48875	20611	1
48963	51492	1
48967	73237	1
48970	16046	1
48996	27221	1
48997	49518	1
48998	2465	1
49007	41468	1
49008	34284	1
49027	43655	1
49033	51322	1
49050	5441	1
49059	40714	1
49094	22602	1
49100	60418	1
49123	18995	1
49130	42791	1
49136	7016	1
49149	17637	1
49155	44566	1
49157	56224	1
49160	13352	1
49162	66537	1
49181	29169	1
49209	66156	1
49220	16756	1
49224	1295	1
49232	171	1
49234	71833	1
49246	59007	1
49247	23496	1
49253	1478	1
49281	9175	1
49285	58999	1
49303	41615	1
49309	56258	1
49319	74065	1
49333	24196	1
49343	31493	1
49382	54227	1
49395	11757	1
49413	52284	1
49417	10211	1
49417	15309	1
49434	52133	1
49436	51930	1
49466	3294	1
49467	7095	1
49467	41800	1
49556	60198	1
49559	50052	1
49572	67284	1
49590	58239	1
49593	37731	1
49616	43948	1
49627	516	1
49633	33655	1
49646	1751	1
49693	40791	1
49709	66571	1
49710	14586	1
49724	64945	1
49730	35439	1
49732	70850	1
49790	67506	1
49870	58296	1
49890	45677	1
49890	52311	1
49916	39803	1
49934	27670	1
49939	56259	1
49942	51032	1
49944	8769	1
49947	32785	1
49952	16369	1
49959	75522	1
49990	40014	1
50035	45159	1
50054	38152	1
50060	31812	1
50084	40261	1
50091	18152	1
50124	2674	1
50139	2081	1
50155	18876	1
50183	5451	1
50200	156	1
50200	46807	1
50221	57633	1
50242	41595	1
50243	8694	1
50253	46179	1
50264	48987	1
50275	56141	1
50301	69880	1
50322	31816	1
50323	14917	1
50327	47668	1
50335	71434	1
50337	70403	1
50346	38178	1
50350	12224	1
50385	46425	1
50420	15304	1
50441	18853	1
50465	63559	1
50469	24642	1
50470	18769	1
50478	56195	1
50502	68520	1
50510	1578	1
50514	11311	1
50514	11614	1
50520	69443	1
50531	30317	1
50531	62636	1
50536	34140	1
50551	55193	1
50556	25747	1
50580	880	1
50615	46250	1
50629	61044	1
50640	54292	1
50672	57646	1
50673	1479	1
50686	74507	1
50695	49655	1
50704	41744	1
50707	70726	1
50719	15336	1
50732	27415	1
50758	63037	1
50771	26468	1
50802	10632	1
50814	16763	1
50873	58892	1
50879	8188	1
50900	52031	1
50911	50866	1
50921	28631	1
50927	75485	1
50971	44495	1
50983	45528	1
50985	19087	1
50986	38883	1
50992	73846	1
50997	64335	1
51036	60228	1
51042	25836	1
51049	31152	1
51064	33516	1
51068	17117	1
51083	29090	1
51089	16185	1
51107	1566	1
51115	25802	1
51116	53463	1
51138	2162	1
51145	23404	1
51162	13157	1
51165	27749	1
51174	52039	1
51187	61037	1
51189	72212	1
51225	61711	1
51240	52880	1
51261	48758	1
51295	18800	1
51300	6729	1
51341	34855	1
51345	40966	1
51354	42539	1
51355	19016	1
51473	2806	1
51505	9296	1
51531	29283	1
51533	46631	1
51576	15892	1
51580	73224	1
51611	70764	1
51612	61814	1
51620	28467	1
51658	37997	1
51677	72194	1
51686	14575	1
51734	18509	1
51754	55631	1
51767	46106	1
51769	14454	1
51800	66216	1
51817	15138	1
51841	35766	1
51860	33151	1
51888	4428	1
51906	22549	1
51909	50342	1
51914	39451	1
51932	5989	1
51943	22187	1
51949	64325	1
51970	31031	1
51996	74392	1
52019	70595	1
52028	12186	1
52028	13546	1
52035	49581	1
52096	8779	1
52113	11470	1
52130	8642	1
52135	57781	1
52149	73463	1
52154	15905	1
52168	73712	1
52173	23070	1
52211	53178	1
52225	27289	1
52241	65145	1
52258	579	1
52290	2361	1
52337	54364	1
52346	6848	1
52347	60969	1
52354	5255	1
52355	69423	1
52386	9082	1
52388	24174	1
52416	43792	1
52416	53807	1
52432	1253	1
52443	19372	1
52501	33795	1
52507	60988	1
52519	59816	1
52525	27819	1
52527	42375	1
52547	24473	1
52572	12189	1
52583	56526	1
52589	10151	1
52590	73355	1
52627	29300	1
52656	45967	1
52666	37093	1
52681	8637	1
52689	20852	1
52703	3199	1
52725	52864	1
52743	61450	1
52776	60962	1
52789	71220	1
52800	26724	1
52819	39951	1
52847	72551	1
52884	30447	1
52924	7531	1
52927	2721	1
52946	69261	1
52951	18618	1
52957	15139	1
52969	64561	1
52973	37677	1
53025	26386	1
53041	75597	1
53044	52974	1
53046	19034	1
53086	16416	1
53086	35032	1
53106	71279	1
53113	42756	1
53115	37133	1
53115	60123	1
53120	13813	1
53121	38367	1
53121	46625	1
53127	59550	1
53132	12661	1
53169	35128	1
53208	1090	1
53262	7410	1
53365	65558	1
53425	186	1
53466	23417	1
53478	20749	1
53485	27929	1
53488	28598	1
53497	10817	1
53519	4802	1
53578	30794	1
53579	2853	1
53590	662	1
53591	69160	1
53635	46998	1
53651	32000	1
53721	47763	1
53735	58912	1
53763	35069	1
53765	33221	1
53785	51566	1
53808	75090	1
53831	45434	1
53835	45406	1
53845	60360	1
53854	25066	1
53887	55735	1
53899	26356	1
53918	40506	1
53941	17033	1
53943	41825	1
53947	31930	1
53962	25346	1
53975	22658	1
53982	17536	1
53985	16663	1
53997	73451	1
54026	10016	1
54057	29219	1
54058	42623	1
54071	1518	1
54084	38755	1
54115	33632	1
54141	65103	1
54147	12606	1
54202	6261	1
54230	15863	1
54257	56764	1
54259	71066	1
54261	69790	1
54275	28892	1
54300	1858	1
54302	49120	1
54303	52032	1
54343	47133	1
54367	24787	1
54375	56572	1
54376	8513	1
54411	9058	1
54422	5997	1
54425	5983	1
54427	13023	1
54437	67207	1
54515	20015	1
54517	29689	1
54604	25410	1
54605	4021	1
54605	13252	1
54612	62699	1
54614	47165	1
54626	63831	1
54632	2952	1
54652	4847	1
54654	69558	1
54663	55952	1
54669	6865	1
54694	31214	1
54702	7516	1
54710	12855	1
54740	53762	1
54752	44820	1
54758	36711	1
54761	63072	1
54766	28134	1
54776	7416	1
54779	24095	1
54798	20481	1
54804	70918	1
54872	33681	1
54872	36009	1
54911	49034	1
54952	63940	1
54966	35641	1
54974	50007	1
54980	37100	1
54982	31653	1
55001	54465	1
55010	55906	1
55012	22203	1
55025	8921	1
55032	22451	1
55041	38318	1
55050	72900	1
55071	21043	1
55089	72879	1
55122	59407	1
55147	66145	1
55156	52419	1
55167	25841	1
55167	71788	1
55183	3058	1
55186	14648	1
55205	9178	1
55219	71617	1
55245	23334	1
55278	28006	1
55369	31753	1
55372	8314	1
55382	5567	1
55407	39910	1
55409	25551	1
55436	38237	1
55477	45023	1
55484	54357	1
55547	16456	1
55555	69992	1
55558	53687	1
55571	31908	1
55574	17878	1
55622	26948	1
55639	50859	1
55657	74038	1
55691	4395	1
55691	14530	1
55716	3070	1
55716	53934	1
55730	2642	1
55732	12600	1
55734	33591	1
55739	48246	1
55741	19202	1
55750	41777	1
55756	30746	1
55760	73670	1
55769	14950	1
55773	66003	1
55774	43521	1
55791	69816	1
55792	38783	1
55802	70985	1
55854	72299	1
55868	75462	1
55882	32131	1
55892	56448	1
55900	15609	1
55915	33494	1
55939	39340	1
55948	39910	1
56008	64028	1
56036	17652	1
56060	30810	1
56072	10326	1
56088	15670	1
56092	26214	1
56098	46097	1
56100	5464	1
56113	42078	1
56122	8404	1
56169	15956	1
56183	7086	1
56186	58571	1
56200	10579	1
56222	37955	1
56226	58967	1
56229	18090	1
56237	52677	1
56258	65547	1
56271	29057	1
56274	54512	1
56286	70508	1
56289	52	1
56295	70148	1
56304	1965	1
56338	1987	1
56354	15714	1
56367	18805	1
56395	45696	1
56411	7211	1
56423	43759	1
56440	3500	1
56444	17942	1
56539	71888	1
56547	30619	1
56581	27266	1
56605	40001	1
56620	25729	1
56639	73963	1
56672	32597	1
56676	46316	1
56681	32460	1
56681	69874	1
56683	53882	1
56708	26565	1
56721	61501	1
56723	41711	1
56783	67572	1
56786	48131	1
56789	35559	1
56794	12807	1
56824	14122	1
56840	62292	1
56853	14055	1
56863	39786	1
56871	23527	1
56895	40205	1
56931	55391	1
56982	69508	1
56986	39309	1
56987	184	1
57001	244	1
57011	69600	1
57064	62463	1
57071	57338	1
57097	12626	1
57105	1120	1
57106	10775	1
57156	7389	1
57165	64428	1
57185	57580	1
57187	43007	1
57196	46490	1
57205	1206	1
57207	40900	1
57208	40649	1
57213	16872	1
57224	70018	1
57234	45074	1
57239	25918	1
57240	42489	1
57244	64182	1
57319	27600	1
57321	21585	1
57381	67977	1
57385	75170	1
57408	55583	1
57410	20775	1
57416	67306	1
57446	32239	1
57450	48209	1
57484	55480	1
57605	16082	1
57628	32866	1
57633	67356	1
57641	68343	1
57677	73236	1
57679	17970	1
57729	72370	1
57731	46161	1
57760	30981	1
57761	20173	1
57843	26564	1
57849	67989	1
57870	13085	1
57877	13317	1
57898	29473	1
57949	7097	1
57970	32879	1
58002	68977	1
58012	53437	1
58056	50106	1
58061	33676	1
58111	38277	1
58115	36485	1
58121	48629	1
58136	94	1
58141	15542	1
58158	54046	1
58177	50042	1
58194	41785	1
58223	35681	1
58230	12302	1
58235	36595	1
58245	37820	1
58267	788	1
58277	75512	1
58319	15448	1
58323	32590	1
58345	41692	1
58355	17128	1
58390	38443	1
58411	18112	1
58416	63019	1
58419	61046	1
58446	67891	1
58461	5807	1
58470	41530	1
58496	18717	1
58497	63588	1
58514	25465	1
58534	18997	1
58543	56746	1
58543	70814	1
58578	7788	1
58598	60682	1
58614	5291	1
58625	10299	1
58718	6686	1
58766	72756	1
58775	37290	1
58780	2075	1
58788	37772	1
58806	35445	1
58814	24431	1
58837	28794	1
58845	2961	1
58846	41357	1
58847	68989	1
58852	57406	1
58862	55907	1
58879	20543	1
58880	58906	1
58886	44656	1
58896	13012	1
58905	41043	1
58921	75373	1
58955	52841	1
59038	58543	1
59054	14574	1
59074	31191	1
59079	37663	1
59119	36036	1
59142	71869	1
59164	25805	1
59173	53753	1
59199	11547	1
59217	18700	1
59224	71818	1
59253	46640	1
59261	64646	1
59273	31441	1
59286	62687	1
59286	63639	1
59333	44596	1
59337	57818	1
59344	67045	1
59371	36108	1
59390	30311	1
59409	21532	1
59409	47021	1
59436	69269	1
59436	70737	1
59451	51056	1
59457	51228	1
59457	54605	1
59463	52035	1
59477	35435	1
59484	73115	1
59487	57570	1
59492	33442	1
59518	73076	1
59564	52233	1
59578	40618	1
59597	71412	1
59616	21232	1
59641	61571	1
59644	66017	1
59657	3384	1
59663	4395	1
59667	3552	1
59696	58851	1
59713	12495	1
59777	49379	1
59797	44823	1
59814	59468	1
59837	69648	1
59851	14212	1
59884	46677	1
59914	42986	1
59926	3054	1
59971	60058	1
59991	5402	1
60014	18361	1
60024	29140	1
60030	50973	1
60041	62260	1
60048	32654	1
60055	66853	1
60062	772	1
60062	54413	1
60066	62186	1
60084	37569	1
60094	25032	1
60112	64334	1
60114	2242	1
60125	47736	1
60159	9100	1
60198	21522	1
60214	26268	1
60236	48178	1
60268	6409	1
60280	34962	1
60288	33722	1
60289	29317	1
60300	28025	1
60318	59927	1
60342	7347	1
60357	5659	1
60398	12944	1
60411	10907	1
60423	62119	1
60434	16786	1
60468	50687	1
60499	48231	1
60549	57194	1
60575	3217	1
60583	26433	1
60584	59482	1
60588	11227	1
60626	44970	1
60627	2840	1
60649	55024	1
60698	482	1
60753	27741	1
60776	23346	1
60783	32604	1
60801	60829	1
60827	51071	1
60830	13401	1
60838	46137	1
60846	16989	1
60856	40946	1
60865	53027	1
60894	71132	1
60918	50156	1
60922	7150	1
60928	56900	1
60936	32293	1
60938	13675	1
60947	16511	1
60968	14495	1
60980	19604	1
61007	3169	1
61012	36146	1
61014	4991	1
61021	28654	1
61023	71103	1
61045	7483	1
61055	28389	1
61056	69248	1
61063	64159	1
61088	26598	1
61088	68670	1
61090	4000	1
61114	62301	1
61160	75475	1
61163	42244	1
61173	2590	1
61174	75141	1
61175	45957	1
61246	18138	1
61246	54043	1
61261	9963	1
61276	15553	1
61302	64229	1
61321	68496	1
61333	19326	1
61338	59224	1
61343	68155	1
61366	26185	1
61377	52118	1
61398	4633	1
61401	12679	1
61451	16385	1
61459	44584	1
61470	52678	1
61471	47848	1
61506	19346	1
61517	75176	1
61518	45482	1
61518	60045	1
61565	63774	1
61577	10501	1
61579	43268	1
61623	35609	1
61629	31127	1
61635	56624	1
61638	18729	1
61639	41131	1
61662	38855	1
61678	10936	1
61712	17629	1
61713	57201	1
61714	22434	1
61718	55584	1
61744	57042	1
61746	38860	1
61757	5942	1
61773	34599	1
61789	7612	1
61791	10006	1
61812	36979	1
61822	27512	1
61846	47703	1
61847	62898	1
61854	46863	1
61858	30043	1
61860	73193	1
61872	41782	1
61874	38291	1
61876	60673	1
61890	26420	1
61909	59626	1
61912	37357	1
61925	16136	1
61937	53129	1
61940	27524	1
61949	43122	1
61977	58532	1
61982	32928	1
61991	57920	1
61993	45456	1
62000	936	1
62028	10309	1
62037	39486	1
62064	48888	1
62080	3177	1
62089	27483	1
62122	11071	1
62123	14221	1
62135	72954	1
62140	69185	1
62143	19119	1
62150	14847	1
62166	45642	1
62171	71626	1
62198	46299	1
62245	9024	1
62260	12500	1
62288	44455	1
62290	53340	1
62293	1230	1
62293	46593	1
62298	54919	1
62309	35624	1
62322	33445	1
62341	9269	1
62363	59025	1
62368	49074	1
62379	6271	1
62458	51586	1
62470	69624	1
62483	57511	1
62515	3857	1
62523	23183	1
62583	9862	1
62619	50170	1
62662	44523	1
62670	46529	1
62694	43673	1
62696	61222	1
62702	67075	1
62702	69255	1
62713	16735	1
62729	54697	1
62732	6823	1
62734	37316	1
62748	37546	1
62761	8388	1
62766	30680	1
62788	53374	1
62796	29417	1
62819	11897	1
62827	8483	1
62830	63450	1
62851	59323	1
62870	44428	1
62887	36377	1
62888	6475	1
62902	40112	1
62903	15288	1
62927	11793	1
62928	69567	1
62940	26268	1
63024	62585	1
63039	36944	1
63043	29901	1
63052	22498	1
63056	68209	1
63091	32167	1
63097	45994	1
63100	14217	1
63114	36462	1
63142	972	1
63144	12222	1
63146	64719	1
63184	46033	1
63208	66902	1
63257	69401	1
63294	9222	1
63298	54487	1
63309	37873	1
63316	44789	1
63370	7198	1
63408	55083	1
63414	385	1
63414	54642	1
63419	28203	1
63438	39388	1
63450	62536	1
63459	2678	1
63482	40906	1
63487	49386	1
63507	45987	1
63511	74019	1
63519	70296	1
63562	18481	1
63575	23206	1
63589	43717	1
63641	13055	1
63648	56464	1
63650	16666	1
63680	70695	1
63688	10643	1
63689	30573	1
63690	58025	1
63694	11019	1
63699	31496	1
63709	310	1
63712	39677	1
63718	13811	1
63741	57209	1
63749	27509	1
63789	47871	1
63804	44132	1
63813	15807	1
63816	33273	1
63895	12683	1
63921	32878	1
63998	20975	1
64004	9424	1
64022	49490	1
64078	44398	1
64079	24315	1
64090	48521	1
64153	58152	1
64168	6430	1
64174	67432	1
64176	9013	1
64177	64015	1
64182	13418	1
64194	21647	1
64206	29966	1
64219	68660	1
64224	9591	1
64232	48250	1
64254	19622	1
64255	29869	1
64290	52662	1
64327	4858	1
64354	7182	1
64379	39132	1
64390	22115	1
64396	13290	1
64398	63360	1
64399	60712	1
64405	54921	1
64413	74200	1
64435	2323	1
64465	61406	1
64471	38290	1
64506	29265	1
64515	74124	1
64517	61701	1
64582	34116	1
64595	61427	1
64610	3301	1
64611	28176	1
64643	2593	1
64658	31017	1
64664	33086	1
64689	7960	1
64704	57225	1
64730	2729	1
64731	5216	1
64732	55617	1
64741	47300	1
64782	42953	1
64785	56917	1
64794	61068	1
64807	20834	1
64813	18129	1
64826	36961	1
64849	2676	1
64878	34119	1
64902	20114	1
64924	6254	1
64952	70326	1
64965	68514	1
65050	52962	1
65077	27589	1
65080	17866	1
65095	36753	1
65101	16938	1
65102	42315	1
65134	26875	1
65136	48912	1
65136	49332	1
65138	60421	1
65147	49691	1
65149	66060	1
65160	41907	1
65177	40228	1
65222	5196	1
65224	67468	1
65246	25887	1
65261	67760	1
65263	14711	1
65278	13344	1
65282	65118	1
65293	67244	1
65338	35419	1
65342	23085	1
65355	27109	1
65367	20072	1
65378	19800	1
65397	28688	1
65408	73671	1
65414	64609	1
65420	69281	1
65422	1486	1
65478	4841	1
65479	64227	1
65480	57440	1
65501	42804	1
65504	56657	1
65509	24400	1
65528	67287	1
65535	44977	1
65545	45760	1
65572	27323	1
65586	74705	1
65587	27266	1
65599	55845	1
65629	12680	1
65631	63882	1
65647	14132	1
65670	63495	1
65691	18724	1
65696	9039	1
65698	14377	1
65765	29125	1
65767	74012	1
65781	72539	1
65816	54269	1
65837	40760	1
65872	21407	1
65909	71817	1
65928	41081	1
65951	31077	1
65952	58958	1
66006	35922	1
66017	72314	1
66041	41029	1
66100	46709	1
66103	69189	1
66126	48088	1
66142	71581	1
66158	65511	1
66178	26197	1
66198	21719	1
66216	6259	1
66233	66152	1
66244	45769	1
66280	37463	1
66292	29568	1
66318	56645	1
66328	20262	1
66343	16746	1
66366	34303	1
66383	27502	1
66396	67600	1
66438	30914	1
66461	4896	1
66475	8057	1
66508	51630	1
66537	73859	1
66541	7769	1
66542	50517	1
66550	68918	1
66553	11716	1
66562	41603	1
66567	51335	1
66569	16221	1
66572	55329	1
66578	25980	1
66595	13801	1
66601	65137	1
66634	35586	1
66668	5923	1
66674	6122	1
66684	64651	1
66694	72711	1
66724	55607	1
66773	64909	1
66799	72206	1
66800	39474	1
66804	897	1
66806	34713	1
66811	51798	1
66843	37476	1
66903	53645	1
66911	62851	1
66931	12363	1
66944	25673	1
66951	60002	1
66977	43197	1
66980	57057	1
67012	14295	1
67057	15609	1
67069	43436	1
67071	74684	1
67082	22342	1
67103	8505	1
67106	58746	1
67119	56019	1
67120	3943	1
67120	21028	1
67125	74595	1
67132	58145	1
67156	35825	1
67268	71180	1
67271	15000	1
67292	32693	1
67293	70148	1
67297	60508	1
67323	22054	1
67340	1905	1
67352	22049	1
67358	24918	1
67375	51358	1
67403	68940	1
67413	71995	1
67433	63693	1
67446	6496	1
67451	44400	1
67473	37563	1
67490	30021	1
67497	4079	1
67502	66995	1
67522	16140	1
67527	53316	1
67529	53260	1
67552	51230	1
67592	11051	1
67594	69616	1
67600	65842	1
67606	6855	1
67608	38915	1
67642	68594	1
67676	48731	1
67679	2923	1
67696	36091	1
67701	12722	1
67703	13208	1
67714	56306	1
67730	49344	1
67762	47463	1
67803	74092	1
67811	2249	1
67817	42238	1
67840	27282	1
67861	22280	1
67861	67869	1
67870	67256	1
67887	69643	1
67897	24891	1
67918	24432	1
67923	67533	1
67929	74765	1
67932	8719	1
67936	15477	1
67943	62948	1
67954	35987	1
67987	27439	1
68041	3695	1
68050	59836	1
68068	3323	1
68075	37495	1
68098	55226	1
68112	60729	1
68126	7068	1
68144	30959	1
68217	6134	1
68238	59955	1
68240	631	1
68280	64651	1
68306	53759	1
68310	49601	1
68325	23364	1
68354	35810	1
68366	42221	1
68377	5226	1
68398	14412	1
68399	65943	1
68431	2626	1
68439	15319	1
68444	72108	1
68450	57202	1
68473	57278	1
68476	50474	1
68480	14303	1
68501	66755	1
68540	2077	1
68544	43557	1
68568	36527	1
68592	70655	1
68598	6853	1
68629	6690	1
68639	39874	1
68651	45798	1
68658	8992	1
68662	49277	1
68691	62250	1
68693	25635	1
68700	70205	1
68742	17666	1
68769	22205	1
68797	36642	1
68808	34319	1
68812	12530	1
68832	1350	1
68876	63530	1
68880	54179	1
68885	6618	1
68888	36644	1
68893	535	1
68903	26312	1
68916	26807	1
68935	12309	1
68940	56804	1
68950	30715	1
68990	58163	1
68999	906	1
69039	15756	1
69045	66060	1
69046	8644	1
69060	48843	1
69082	6942	1
69109	13047	1
69117	30298	1
69119	42867	1
69144	74030	1
69181	68153	1
69186	15904	1
69216	31525	1
69237	16107	1
69251	438	1
69255	29469	1
69256	73378	1
69272	8989	1
69274	37029	1
69282	59739	1
69311	32599	1
69343	54769	1
69357	57058	1
69362	16962	1
69364	35511	1
69364	36382	1
69368	47871	1
69380	11303	1
69398	72434	1
69417	32274	1
69460	67802	1
69464	67142	1
69517	34802	1
69545	43525	1
69579	15078	1
69582	6948	1
69593	26231	1
69598	3799	1
69606	65802	1
69607	74649	1
69647	4745	1
69677	30426	1
69683	11642	1
69720	47910	1
69749	12741	1
69787	13578	1
69806	4939	1
69831	22305	1
69832	29050	1
69838	27969	1
69838	28652	1
69878	2271	1
69890	72032	1
69904	50356	1
69905	50977	1
69922	23437	1
69931	28652	1
69946	15598	1
69953	35569	1
69975	30118	1
70000	67136	1
70008	34643	1
70021	26398	1
70032	59239	1
70036	16701	1
70093	68679	1
70128	14122	1
70131	74895	1
70146	40898	1
70154	36358	1
70164	25777	1
70173	66810	1
70175	49833	1
70186	29863	1
70193	64769	1
70194	9095	1
70213	23831	1
70239	10293	1
70245	71009	1
70252	9211	1
70257	52806	1
70283	50134	1
70290	42681	1
70304	13612	1
70307	7372	1
70316	48683	1
70331	66645	1
70333	69703	1
70344	30989	1
70347	44741	1
70371	74923	1
70422	63910	1
70442	8937	1
70445	28933	1
70447	25218	1
70503	24438	1
70508	67399	1
70510	55613	1
70517	6755	1
70518	50193	1
70553	11190	1
70583	59645	1
70585	46018	1
70589	68033	1
70595	13580	1
70610	70144	1
70611	54317	1
70616	49993	1
70625	27654	1
70632	58511	1
70647	16439	1
70663	31932	1
70665	75591	1
70679	51199	1
70714	65578	1
70727	13068	1
70747	21095	1
70780	382	1
70803	21374	1
70805	9558	1
70829	37537	1
70845	61633	1
70867	44060	1
70886	29231	1
70898	39578	1
70934	2781	1
70935	73694	1
70940	13839	1
70948	9362	1
70963	35220	1
70969	45261	1
70979	8038	1
70991	43578	1
71005	15969	1
71009	28599	1
71014	65866	1
71016	30508	1
71053	62298	1
71099	47017	1
71100	7152	1
71119	49409	1
71124	30723	1
71149	43636	1
71164	8962	1
71172	335	1
71179	39708	1
71186	17366	1
71221	7186	1
71240	38609	1
71281	10068	1
71292	9663	1
71316	8478	1
71346	74593	1
71393	6140	1
71414	56621	1
71420	71232	1
71421	42193	1
71424	26132	1
71429	61903	1
71468	62546	1
71480	56327	1
71502	1786	1
71521	61113	1
71531	28316	1
71553	41531	1
71574	13068	1
71605	69362	1
71623	13007	1
71634	62243	1
71645	65512	1
71658	22077	1
71693	48911	1
71696	52746	1
71714	17617	1
71715	52886	1
71720	21537	1
71751	32259	1
71779	49747	1
71798	5550	1
71811	47769	1
71812	7162	1
71814	27387	1
71818	56611	1
71822	10221	1
71830	20549	1
71832	48105	1
71852	69349	1
71875	17249	1
71909	2557	1
71929	71808	1
71930	13157	1
71962	46069	1
71966	55574	1
71991	9754	1
71998	13219	1
71998	53096	1
72005	43341	1
72016	73708	1
72034	18878	1
72090	26579	1
72122	16837	1
72165	68729	1
72179	73657	1
72197	24599	1
72216	44414	1
72249	65383	1
72260	75624	1
72275	9945	1
72297	54252	1
72343	60143	1
72356	59371	1
72363	15906	1
72368	54066	1
72380	51483	1
72387	19110	1
72405	36610	1
72446	63719	1
72456	9961	1
72470	17764	1
72491	15119	1
72503	48792	1
72506	7964	1
72515	54557	1
72523	56767	1
72550	67724	1
72565	50710	1
72600	58907	1
72613	9149	1
72627	56765	1
72630	56291	1
72648	12228	1
72664	39861	1
72667	55174	1
72668	54814	1
72681	4552	1
72698	55765	1
72704	38578	1
72720	32575	1
72730	58520	1
72745	29486	1
72762	73851	1
72777	27918	1
72786	46731	1
72871	2842	1
72928	68717	1
72932	44673	1
72933	28808	1
72969	75256	1
73014	4115	1
73027	68974	1
73067	51007	1
73075	69000	1
73080	68162	1
73109	42774	1
73130	22572	1
73162	63374	1
73181	57847	1
73241	67011	1
73244	10457	1
73253	34717	1
73288	55380	1
73318	38639	1
73319	70703	1
73333	14535	1
73335	72212	1
73346	1293	1
73367	16159	1
73386	34700	1
73398	61971	1
73402	55580	1
73411	68663	1
73415	31010	1
73440	29362	1
73450	65775	1
73470	44541	1
73475	9868	1
73476	61652	1
73522	29717	1
73548	39769	1
73550	46607	1
73557	65304	1
73559	64396	1
73571	13837	1
73597	16173	1
73599	44788	1
73605	35059	1
73627	1406	1
73661	57458	1
73661	68209	1
73712	11401	1
73713	43438	1
73736	8201	1
73760	43647	1
73799	62078	1
73819	44710	1
73825	74933	1
73828	26295	1
73833	33254	1
73842	70448	1
73860	55699	1
73874	678	1
73904	4929	1
73906	31798	1
73909	35686	1
73934	69232	1
73954	73765	1
73963	33752	1
73973	69243	1
73982	22654	1
73984	36395	1
73987	36614	1
74000	7926	1
74019	32220	1
74039	20639	1
74053	70274	1
74055	3263	1
74058	73956	1
74060	9451	1
74080	23485	1
74094	70081	1
74129	55780	1
74133	23170	1
74156	66211	1
74202	62424	1
74208	60630	1
74221	49503	1
74223	2723	1
74232	64508	1
74243	32535	1
74247	34242	1
74247	63429	1
74266	37415	1
74275	55510	1
74313	57860	1
74319	31593	1
74321	4217	1
74331	31413	1
74335	11246	1
74354	62386	1
74382	36264	1
74433	19255	1
74440	56295	1
74506	23810	1
74516	66520	1
74558	16081	1
74592	53089	1
74612	12164	1
74612	27382	1
74617	54092	1
74684	49010	1
74696	7796	1
74704	69955	1
74713	515	1
74725	27083	1
74785	68972	1
74801	5667	1
74811	17765	1
74813	2174	1
74820	56132	1
74840	43176	1
74865	19210	1
74869	53243	1
74893	36274	1
74937	6299	1
74949	63023	1
74954	3730	1
74986	66700	1
75004	14405	1
75010	25738	1
75085	41592	1
75090	72046	1
75111	42875	1
75112	64548	1
75134	3543	1
75135	16322	1
75166	72364	1
75168	3571	1
75172	56041	1
75213	43535	1
75218	67994	1
75222	60366	1
75248	41415	1
75295	41295	1
75296	47275	1
75305	54213	1
75321	1753	1
75336	12895	1
75376	11074	1
75381	31305	1
75408	54257	1
75413	12493	1
75418	56297	1
75426	48510	1
75428	70557	1
75431	29560	1
75435	5360	1
75438	42815	1
75444	44399	1
75453	31233	1
75459	25192	1
75513	27948	1
75543	8453	1
75563	49870	1
75573	44166	1
75582	6846	1
75591	40626	1
75617	70237	1
75621	50741	1
75623	25404	1
75629	66627	1
75696	25950	1
75707	40319	1
75721	27357	1
75735	57527	1
75747	10829	1
75748	41529	1
75769	17670	1
75772	45299	1
75774	22536	1
75832	50781	1
75840	53931	1
75851	43111	1
75861	46124	1
