30	9788	1
44	31618	1
50	8488	1
87	10340	1
90	13073	1
109	10067	1
122	16938	1
122	17207	1
153	26281	1
155	23191	1
162	9288	1
188	22385	1
192	22951	1
194	24131	1
195	19034	1
202	34384	1
210	8966	1
216	4841	1
220	25296	1
222	35092	1
236	22040	1
253	27392	1
262	7184	1
263	7927	1
269	11475	1
270	11436	1
270	28249	1
287	35876	1
317	18131	1
321	6380	1
328	28563	1
360	3993	1
361	3112	1
379	25335	1
390	33866	1
413	14637	1
415	10434	1
419	5442	1
421	25350	1
450	17423	1
458	11228	1
461	6009	1
472	24321	1
480	5613	1
525	34772	1
542	8234	1
551	35143	1
606	15550	1
617	17581	1
622	24211	1
623	14027	1
637	13521	1
644	15088	1
650	23267	1
658	36459	1
675	31162	1
678	33991	1
684	6233	1
690	36482	1
721	36127	1
723	262	1
723	24230	1
754	21339	1
758	18641	1
771	20747	1
780	6511	1
796	28236	1
799	28538	1
807	11105	1
812	29965	1
815	28574	1
828	25306	1
846	12951	1
864	1714	1
881	4113	1
884	25212	1
886	35259	1
896	8846	1
906	22311	1
909	15137	1
910	29447	1
914	27633	1
916	22366	1
924	33596	1
930	234	1
940	29283	1
946	2422	1
952	14964	1
966	32770	1
978	266	1
978	2793	1
988	16124	1
990	17842	1
993	1280	1
1003	18881	1
1032	9117	1
1065	18980	1
1071	5758	1
1079	26687	1
1081	16523	1
1089	17655	1
1098	28777	1
1099	26329	1
1100	12236	1
1103	11916	1
1110	21630	1
1128	18604	1
1134	32186	1
1143	7286	1
1148	1151	1
1156	29276	1
1173	7795	1
1185	8848	1
1194	19350	1
1198	19869	1
1203	30281	1
1234	7205	1
1236	21485	1
1246	10660	1
1257	31235	1
1292	30	1
1310	33647	1
1319	29574	1
1326	16468	1
1330	33670	1
1358	9286	1
1373	28966	1
1382	32499	1
1406	35121	1
1407	24557	1
1425	32471	1
1426	35453	1
1433	20360	1
1468	2826	1
1476	9121	1
1478	1441	1
1503	16939	1
1510	884	1
1535	9291	1
1537	11852	1
1546	34751	1
1552	17817	1
1568	24807	1
1588	17397	1
1593	27348	1
1605	21296	1
1612	6094	1
1614	6534	1
1614	12288	1
1638	30285	1
1650	13620	1
1652	22920	1
1685	23992	1
1690	10549	1
1699	6136	1
1712	1819	1
1742	4277	1
1745	35782	1
1751	12422	1
1776	3062	1
1780	16945	1
1780	24041	1
1780	35260	1
1800	13743	1
1810	8826	1
1811	13898	1
1836	7859	1
1839	35324	1
1843	19294	1
1853	28316	1
1856	35340	1
1871	31570	1
1872	3775	1
1873	32385	1
1902	29290	1
1917	27886	1
1925	30266	1
1945	34923	1
1966	23833	1
1967	12956	1
1978	18679	1
2032	35057	1
2050	18617	1
2065	5471	1
2070	8927	1
2097	26823	1
2098	20232	1
2098	22976	1
2098	25108	1
2119	295	1
2129	17051	1
2132	280	1
2132	25399	1
2149	2911	1
2152	7050	1
2159	7279	1
2177	33660	1
2190	25453	1
2204	3724	1
2206	33353	1
2243	10023	1
2249	18728	1
2260	32181	1
2264	23702	1
2264	33129	1
2267	27308	1
2285	22612	1
2292	4559	1
2320	5147	1
2325	25439	1
2358	11191	1
2375	10211	1
2377	14164	1
2398	27789	1
2401	14876	1
2404	4683	1
2417	24621	1
2419	28884	1
2421	21836	1
2423	1913	1
2423	24783	1
2424	31318	1
2432	20014	1
2463	4311	1
2472	36260	1
2478	8900	1
2482	30072	1
2499	6238	1
2510	6633	1
2533	13271	1
2539	23061	1
2546	23353	1
2555	16166	1
2563	6536	1
2581	11635	1
2589	3042	1
2601	12240	1
2606	13696	1
2607	33617	1
2616	1805	1
2631	29149	1
2640	29136	1
2648	13263	1
2650	2848	1
2663	4964	1
2679	18768	1
2694	29655	1
2695	15414	1
2698	12800	1
2710	8436	1
2741	18561	1
2743	29364	1
2752	9898	1
2757	10860	1
2771	5502	1
2774	9506	1
2789	2492	1
2791	35580	1
2826	22907	1
2830	28654	1
2843	8486	1
2860	7729	1
2882	32029	1
2919	9296	1
2929	10921	1
2934	34171	1
2935	10439	1
2940	23687	1
2940	34077	1
2950	12970	1
2955	12617	1
2959	17068	1
2964	1188	1
2997	12333	1
3000	35884	1
3022	25630	1
3045	24056	1
3064	34369	1
3068	16330	1
3074	4591	1
3089	13935	1
3098	31342	1
3098	34605	1
3112	2021	1
3128	22032	1
3132	20758	1
3139	16249	1
3143	20270	1
3157	1936	1
3177	25999	1
3194	27023	1
3196	27143	1
3206	13289	1
3212	1683	1
3213	20678	1
3242	23589	1
3245	26593	1
3250	18361	1
3256	24105	1
3271	2583	1
3277	21072	1
3283	5208	1
3288	33839	1
3295	33976	1
3299	21291	1
3314	22414	1
3343	28137	1
3355	31606	1
3363	5248	1
3364	17926	1
3378	7268	1
3378	21461	1
3380	20470	1
3393	34506	1
3402	3232	1
3412	27609	1
3430	14747	1
3440	21482	1
3451	555	1
3456	10881	1
3457	12440	1
3469	34895	1
3471	31291	1
3475	26417	1
3510	19917	1
3511	15065	1
3523	3624	1
3543	29088	1
3556	26835	1
3564	14113	1
3571	34710	1
3587	11133	1
3588	23293	1
3616	10946	1
3621	1283	1
3642	13769	1
3651	27646	1
3652	6836	1
3664	4141	1
3668	30664	1
3677	3989	1
3694	34693	1
3701	27796	1
3705	29905	1
3709	29195	1
3721	3664	1
3731	3121	1
3737	30644	1
3741	6618	1
3764	15471	1
3781	21480	1
3799	6172	1
3805	29055	1
3817	15416	1
3835	11710	1
3842	23969	1
3845	12584	1
3846	25021	1
3848	28164	1
3863	9599	1
3868	17484	1
3879	638	1
3893	3219	1
3902	29094	1
3905	83	1
3916	6140	1
3929	12828	1
3932	2699	1
3933	4702	1
3934	11162	1
3949	35056	1
3958	3502	1
3960	32819	1
3965	14770	1
3966	6813	1
3967	15380	1
3969	5057	1
3971	35263	1
3973	1981	1
3991	26157	1
4001	9982	1
4015	22002	1
4041	23108	1
4052	939	1
4052	2733	1
4065	34663	1
4088	13234	1
4092	21991	1
4114	29400	1
4116	31632	1
4174	12634	1
4189	18486	1
4222	27393	1
4227	11367	1
4243	17078	1
4245	19589	1
4254	24576	1
4288	10362	1
4289	33454	1
4310	28881	1
4317	12030	1
4330	14985	1
4337	24639	1
4338	32500	1
4349	18431	1
4352	16876	1
4352	32752	1
4371	18909	1
4385	14215	1
4389	4535	1
4405	11548	1
4408	22260	1
4428	7155	1
4429	8976	1
4457	19979	1
4463	7898	1
4472	18252	1
4474	16663	1
4484	29879	1
4504	25098	1
4511	3818	1
4512	24224	1
4524	20971	1
4528	35070	1
4529	25668	1
4557	34259	1
4593	7752	1
4602	13494	1
4608	5546	1
4608	33302	1
4620	36436	1
4647	9242	1
4671	31439	1
4673	13876	1
4682	8671	1
4685	5390	1
4689	2460	1
4702	25614	1
4703	15737	1
4707	26969	1
4708	24073	1
4716	28872	1
4726	20918	1
4735	19287	1
4755	21008	1
4787	20144	1
4792	11028	1
4809	31657	1
4824	2811	1
4840	19934	1
4853	29770	1
4858	15681	1
4885	21150	1
4895	28900	1
4900	26770	1
4908	22901	1
4919	36069	1
4932	28610	1
4956	18526	1
4957	25397	1
4970	1803	1
4982	23062	1
4996	5458	1
5003	621	1
5003	20164	1
5005	252	1
5021	32536	1
5029	21053	1
5034	11237	1
5037	5586	1
5067	14694	1
5073	8113	1
5080	23457	1
5097	21447	1
5120	10975	1
5135	31507	1
5145	31555	1
5174	5579	1
5208	35112	1
5218	19606	1
5219	19809	1
5221	8193	1
5224	34928	1
5250	10541	1
5264	23132	1
5275	27879	1
5287	22173	1
5294	13632	1
5294	22572	1
5299	64	1
5307	36366	1
5308	29675	1
5333	34197	1
5336	1625	1
5342	34392	1
5344	15569	1
5346	297	1
5369	24418	1
5380	26234	1
5381	18503	1
5399	5881	1
5404	4774	1
5404	36558	1
5407	9521	1
5413	10987	1
5420	11705	1
5434	10736	1
5444	22281	1
5469	23634	1
5481	18974	1
5487	35202	1
5490	16064	1
5534	31294	1
5538	2854	1
5563	36332	1
5572	25926	1
5586	15959	1
5587	30994	1
5588	22259	1
5600	14569	1
5608	10768	1
5615	29355	1
5628	19297	1
5660	31810	1
5669	5208	1
5669	21292	1
5700	2891	1
5722	36366	1
5741	27976	1
5762	18283	1
5772	1770	1
5778	8477	1
5784	32467	1
5812	14215	1
5813	607	1
5820	26693	1
5822	9150	1
5830	3608	1
5840	20559	1
5856	21272	1
5893	36099	1
5912	3297	1
5920	34773	1
5931	10673	1
5931	23281	1
5937	9478	1
5939	7880	1
5951	13747	1
5953	16818	1
5953	31860	1
5958	31658	1
5960	27977	1
5962	11311	1
5994	11530	1
6020	5512	1
6024	26977	1
6030	35735	1
6044	4795	1
6044	29976	1
6050	28296	1
6069	21124	1
6075	15777	1
6075	30756	1
6082	6057	1
6104	33502	1
6118	33105	1
6122	22187	1
6123	17827	1
6153	14627	1
6155	34389	1
6161	23097	1
6161	29764	1
6164	10875	1
6165	5941	1
6166	4425	1
6204	25941	1
6205	5535	1
6206	35	1
6208	18686	1
6215	21104	1
6215	33774	1
6246	19928	1
6247	13801	1
6251	4652	1
6269	22589	1
6278	24238	1
6299	5700	1
6301	4940	1
6301	16035	1
6309	6006	1
6317	19350	1
6325	28785	1
6327	14003	1
6340	3380	1
6344	27643	1
6349	29874	1
6355	14642	1
6358	3798	1
6377	29449	1
6396	8758	1
6403	19625	1
6419	11953	1
6431	5122	1
6439	8364	1
6439	32729	1
6452	10981	1
6452	22799	1
6467	16576	1
6489	28256	1
6494	26259	1
6501	7583	1
6514	2589	1
6561	16006	1
6565	6867	1
6576	18566	1
6589	10762	1
6598	28597	1
6610	1224	1
6641	27433	1
6660	15120	1
6669	14400	1
6675	1127	1
6691	27704	1
6706	32029	1
6716	5043	1
6722	19715	1
6732	27601	1
6760	20668	1
6768	34897	1
6775	23126	1
6796	18847	1
6814	11015	1
6819	12112	1
6833	3439	1
6855	11137	1
6867	30463	1
6871	18221	1
6874	28181	1
6923	6522	1
6934	25421	1
6970	12656	1
6974	2474	1
6986	8509	1
7006	22362	1
7042	13291	1
7049	15681	1
7061	6999	1
7068	4673	1
7068	23544	1
7084	13297	1
7102	25128	1
7108	7918	1
7109	2308	1
7124	17209	1
7142	4204	1
7155	24590	1
7172	24803	1
7191	14648	1
7201	28603	1
7202	13070	1
7211	5562	1
7238	22147	1
7241	24507	1
7257	29567	1
7258	14423	1
7275	21402	1
7287	21981	1
7298	24860	1
7304	7901	1
7306	9658	1
7308	12879	1
7319	33735	1
7323	32898	1
7350	29548	1
7369	36657	1
7374	11235	1
7389	14001	1
7443	17845	1
7446	34959	1
7462	9052	1
7488	5724	1
7488	28377	1
7493	36284	1
7498	20280	1
7503	18665	1
7507	6011	1
7508	15204	1
7512	32533	1
7517	24782	1
7534	21744	1
7557	18611	1
7558	11888	1
7558	18751	1
7563	18088	1
7567	14748	1
7568	23544	1
7575	22639	1
7580	34998	1
7596	16048	1
7607	35650	1
7609	30087	1
7622	22992	1
7625	11542	1
7634	8343	1
7638	17698	1
7638	24016	1
7648	31908	1
7668	20609	1
7685	3394	1
7691	340	1
7699	30781	1
7717	34442	1
7728	31474	1
7738	28579	1
7750	9004	1
7761	6342	1
7767	27565	1
7778	26316	1
7788	26761	1
7789	28772	1
7795	1275	1
7801	674	1
7834	17372	1
7840	34111	1
7845	23847	1
7884	21135	1
7889	23	1
7907	4439	1
7928	31590	1
7934	28843	1
7964	5325	1
7975	24163	1
7984	10701	1
7994	82	1
8013	23493	1
8016	35196	1
8055	35234	1
8068	14626	1
8089	12870	1
8097	4883	1
8103	3860	1
8127	32979	1
8138	23875	1
8140	10435	1
8147	26826	1
8151	4719	1
8163	28419	1
8166	30854	1
8169	11851	1
8180	14062	1
8181	16542	1
8189	29972	1
8218	19575	1
8224	22951	1
8226	24537	1
8234	11719	1
8242	13177	1
8267	3420	1
8269	9710	1
8271	11108	1
8275	35338	1
8276	18464	1
8277	14395	1
8289	11336	1
8308	18818	1
8313	25659	1
8351	24651	1
8397	25954	1
8412	21105	1
8447	26445	1
8468	12858	1
8526	35797	1
8530	33834	1
8532	28956	1
8539	21137	1
8542	19422	1
8555	23385	1
8566	19802	1
8571	22377	1
8575	10867	1
8585	18136	1
8590	17011	1
8610	15866	1
8615	5524	1
8619	11648	1
8619	16274	1
8659	12732	1
8670	26832	1
8720	22054	1
8725	19506	1
8736	9746	1
8739	20148	1
8745	33675	1
8760	8668	1
8792	31424	1
8801	23142	1
8805	32909	1
8811	11591	1
8821	21029	1
8829	11544	1
8832	32246	1
8851	30599	1
8852	22195	1
8858	16167	1
8866	6519	1
8895	32894	1
8902	10760	1
8923	20363	1
8926	31623	1
8936	340	1
8941	6320	1
8955	15973	1
8964	2698	1
8970	6534	1
8998	25330	1
8998	28892	1
9012	9816	1
9032	3668	1
9035	8402	1
9036	31522	1
9051	26333	1
9071	2201	1
9075	32879	1
9080	14552	1
9090	34322	1
9100	1024	1
9104	3354	1
9104	18587	1
9121	26299	1
9159	21277	1
9163	35007	1
9173	28869	1
9206	16884	1
9213	3441	1
9215	32001	1
9234	14514	1
9242	12107	1
9294	22367	1
9309	33950	1
9321	25284	1
9346	11751	1
9353	12412	1
9355	2263	1
9378	32575	1
9421	30823	1
9425	1679	1
9438	7695	1
9455	6240	1
9462	16005	1
9467	12099	1
9474	22692	1
9481	29912	1
9483	11979	1
9491	10722	1
9509	8007	1
9518	20490	1
9537	22235	1
9555	506	1
9559	6427	1
9560	14485	1
9562	10670	1
9564	614	1
9598	23223	1
9627	1830	1
9647	17614	1
9655	8261	1
9666	29531	1
9666	30458	1
9667	26824	1
9700	8460	1
9705	26892	1
9733	34624	1
9746	12294	1
9747	29471	1
9748	33188	1
9782	31312	1
9792	19920	1
9799	2940	1
9809	7201	1
9814	17246	1
9849	13309	1
9863	7739	1
9886	32502	1
9896	12007	1
9901	16682	1
9910	6351	1
9933	35355	1
9952	8624	1
9955	3324	1
9960	31000	1
9976	2405	1
9983	30958	1
9990	34908	1
10024	13700	1
10044	24992	1
10092	32078	1
10101	20636	1
10119	7356	1
10122	10416	1
10158	23564	1
10166	12272	1
10169	27986	1
10182	3679	1
10197	9573	1
10212	12276	1
10247	33483	1
10257	4756	1
10295	24621	1
10296	10083	1
10296	31313	1
10314	4096	1
10317	35119	1
10327	34390	1
10328	720	1
10350	16707	1
10364	28271	1
10371	20853	1
10377	3758	1
10386	282	1
10419	20107	1
10432	6386	1
10436	32319	1
10439	22555	1
10487	4657	1
10494	9686	1
10498	28827	1
10504	34702	1
10519	3530	1
10547	22219	1
10561	22549	1
10563	1984	1
10568	29880	1
10576	2671	1
10578	9391	1
10579	22953	1
10589	20538	1
10596	6043	1
10611	24375	1
10646	18026	1
10647	25415	1
10652	32743	1
10667	29007	1
10675	15067	1
10686	9960	1
10691	30418	1
10694	2061	1
10706	11949	1
10713	14984	1
10729	31230	1
10751	33505	1
10754	34795	1
10765	36044	1
10770	31174	1
10790	8752	1
10799	27202	1
10807	21600	1
10810	26943	1
10816	12563	1
10819	14420	1
10821	17872	1
10842	33004	1
10852	25009	1
10855	4883	1
10861	22535	1
10865	12492	1
10871	21066	1
10879	30026	1
10911	7581	1
10925	5188	1
10940	30135	1
10944	9947	1
10956	29820	1
10965	4392	1
10966	22470	1
10978	12760	1
10988	5174	1
11010	30426	1
11014	23609	1
11017	4065	1
11020	21026	1
11033	13747	1
11036	25721	1
11042	17507	1
11045	30170	1
11046	22513	1
11065	7623	1
11103	8890	1
11112	18933	1
11157	30884	1
11167	31502	1
11195	5703	1
11205	2920	1
11237	32736	1
11244	15037	1
11251	34563	1
11262	6544	1
11262	12510	1
11270	35800	1
11280	19573	1
11281	25059	1
11298	4521	1
11309	6339	1
11328	7633	1
11347	22581	1
11376	26372	1
11390	17146	1
11398	11413	1
11407	17360	1
11447	10637	1
11449	11382	1
11454	34841	1
11478	26796	1
11479	19274	1
11483	23790	1
11491	2284	1
11491	9992	1
11503	18174	1
11508	7335	1
11512	34926	1
11526	5185	1
11539	10517	1
11547	484	1
11547	16417	1
11552	5695	1
11559	32984	1
11565	21506	1
11567	32873	1
11572	23320	1
11600	34672	1
11606	33184	1
11622	9447	1
11628	5346	1
11636	11561	1
11636	30872	1
11651	9213	1
11652	23027	1
11658	24183	1
11666	2508	1
11666	22952	1
11681	10714	1
11684	4108	1
11685	36391	1
11689	14968	1
11699	33295	1
11708	29116	1
11715	3356	1
11718	7837	1
11719	35349	1
11724	9063	1
11756	21134	1
11761	7587	1
11775	14486	1
11816	1334	1
11821	18539	1
11841	3897	1
11842	7424	1
11848	4010	1
11853	6328	1
11864	9433	1
11872	19767	1
11875	12593	1
11883	35349	1
11887	24500	1
11889	11156	1
11897	19548	1
11910	1201	1
11925	8674	1
11941	24956	1
11947	26084	1
11957	18797	1
11961	11680	1
11962	25829	1
11969	18837	1
11970	8123	1
11979	27682	1
12008	444	1
12013	32430	1
12021	20159	1
12055	21233	1
12060	7620	1
12070	27394	1
12078	11095	1
12088	15789	1
12091	21193	1
12098	32386	1
12099	27644	1
12104	27848	1
12140	35570	1
12150	32374	1
12152	5621	1
12177	27590	1
12205	5563	1
12226	17498	1
12239	6299	1
12251	2617	1
12251	29684	1
12264	19072	1
12264	21956	1
12277	32503	1
12279	16817	1
12304	2477	1
12314	6082	1
12325	25583	1
12353	35098	1
12361	7344	1
12368	8850	1
12371	36465	1
12386	33706	1
12387	4341	1
12398	9333	1
12402	24721	1
12407	21336	1
12430	18160	1
12446	6473	1
12466	19012	1
12478	22613	1
12483	18263	1
12506	9994	1
12542	30179	1
12556	24043	1
12558	2138	1
12573	7517	1
12586	17580	1
12596	13673	1
12636	12765	1
12637	11462	1
12638	14390	1
12667	15306	1
12679	8789	1
12686	15488	1
12688	33559	1
12692	4054	1
12712	33471	1
12717	24115	1
12726	17218	1
12733	30323	1
12740	13606	1
12741	16608	1
12748	25327	1
12754	15979	1
12773	23058	1
12776	4270	1
12785	8022	1
12787	12155	1
12794	15077	1
12803	11251	1
12819	30193	1
12821	13961	1
12839	36187	1
12843	2573	1
12848	22799	1
12860	6279	1
12863	17439	1
12870	29207	1
12873	23349	1
12883	5440	1
12902	36350	1
12910	35497	1
12915	3486	1
12925	15231	1
12925	15973	1
12957	26425	1
12966	16055	1
12976	898	1
13006	10539	1
13006	26034	1
13008	25874	1
13017	17227	1
13026	25038	1
13027	27347	1
13030	10372	1
13040	31718	1
13049	13036	1
13056	432	1
13067	31167	1
13072	20856	1
13072	23427	1
13079	35122	1
13087	18498	1
13093	35565	1
13094	241	1
13106	32112	1
13121	21020	1
13135	33639	1
13167	19321	1
13172	20102	1
13178	25476	1
13203	5060	1
13216	16779	1
13236	2642	1
13252	34194	1
13257	31585	1
13260	21720	1
13267	26453	1
13268	9389	1
13271	6677	1
13272	14061	1
13273	23735	1
13288	4941	1
13288	10993	1
13289	7568	1
13291	22502	1
13302	817	1
13312	29575	1
13316	3461	1
13318	15864	1
13333	25905	1
13354	36635	1
13361	15432	1
13367	6474	1
13377	3261	1
13379	10464	1
13399	8882	1
13424	21178	1
13433	29424	1
13435	10728	1
13440	36407	1
13463	17833	1
13483	14502	1
13505	2674	1
13509	25286	1
13510	28437	1
13547	12630	1
13552	8711	1
13559	6467	1
13567	19228	1
13573	30647	1
13588	10927	1
13588	12680	1
13593	35616	1
13622	20725	1
13629	21860	1
13640	26193	1
13665	27854	1
13672	26373	1
13675	24159	1
13690	8919	1
13693	11980	1
13713	27216	1
13747	13261	1
13751	22015	1
13774	1403	1
13790	35998	1
13819	5998	1
13828	33989	1
13833	3853	1
13840	17418	1
13857	16946	1
13883	16781	1
13895	21585	1
13902	23246	1
13907	33378	1
13919	29350	1
13928	14407	1
13930	26193	1
13959	30879	1
13966	5751	1
13974	7542	1
13979	25589	1
14008	14944	1
14015	16371	1
14023	16166	1
14039	9161	1
14056	35467	1
14078	147	1
14084	12663	1
14124	5867	1
14127	34534	1
14127	35773	1
14131	20676	1
14163	27134	1
14170	35492	1
14195	28685	1
14206	24379	1
14218	17306	1
14218	32220	1
14231	20189	1
14239	2238	1
14239	26949	1
14275	19634	1
14292	22728	1
14293	4523	1
14304	22401	1
14309	34941	1
14310	10846	1
14328	27319	1
14334	33636	1
14353	36114	1
14371	6341	1
14394	21516	1
14401	3731	1
14401	9138	1
14417	3442	1
14420	32924	1
14422	19130	1
14437	34816	1
14475	24583	1
14481	2586	1
14506	21909	1
14508	34506	1
14520	21091	1
14523	24349	1
14525	12297	1
14536	27598	1
14544	29656	1
14545	10761	1
14563	9634	1
14572	11095	1
14574	20326	1
14606	26056	1
14607	35942	1
14628	27610	1
14646	4554	1
14650	2487	1
14661	29707	1
14668	22666	1
14707	15392	1
14707	35687	1
14756	16545	1
14758	18254	1
14767	5296	1
14769	15861	1
14772	4991	1
14775	7637	1
14792	35315	1
14793	23578	1
14801	16179	1
14804	6800	1
14810	15668	1
14813	30457	1
14832	27101	1
14843	32301	1
14857	9339	1
14885	17630	1
14903	12552	1
14903	20813	1
14905	33517	1
14906	16707	1
14919	28380	1
14947	9852	1
14960	48	1
14964	31969	1
14970	28300	1
14987	6209	1
14991	1464	1
15018	34530	1
15024	35171	1
15036	10630	1
15073	7354	1
15073	22284	1
15086	24185	1
15086	35334	1
15089	6506	1
15090	18068	1
15111	22708	1
15113	25989	1
15164	32373	1
15181	27041	1
15186	15805	1
15199	23825	1
15211	587	1
15222	22966	1
15236	33306	1
15271	22315	1
15274	15989	1
15286	27392	1
15290	19274	1
15302	599	1
15309	14715	1
15323	23026	1
15324	2589	1
15330	30553	1
15332	974	1
15340	34015	1
15347	14304	1
15354	16263	1
15356	27463	1
15357	7347	1
15377	1755	1
15398	23758	1
15399	28039	1
15400	27378	1
15403	10993	1
15406	25183	1
15416	12456	1
15432	17124	1
15437	28660	1
15444	20600	1
15449	19963	1
15462	5943	1
15462	24766	1
15475	17113	1
15490	25277	1
15492	13781	1
15496	17927	1
15500	16282	1
15523	16860	1
15538	732	1
15538	24864	1
15539	24064	1
15550	9235	1
15567	12150	1
15567	22892	1
15577	20282	1
15581	2133	1
15590	24284	1
15599	599	1
15600	20892	1
15606	11940	1
15612	35432	1
15613	27692	1
15616	17312	1
15657	7163	1
15658	28787	1
15659	16306	1
15662	22902	1
15675	11271	1
15691	31296	1
15716	19206	1
15719	28457	1
15726	34230	1
15742	34600	1
15749	21737	1
15759	19392	1
15763	20798	1
15768	30700	1
15776	21381	1
15781	33824	1
15785	10768	1
15790	22423	1
15793	14227	1
15794	7002	1
15817	16188	1
15828	29519	1
15839	23336	1
15853	31035	1
15880	29605	1
15889	3436	1
15889	27418	1
15907	9215	1
15911	17227	1
15913	1093	1
15932	29639	1
15943	30715	1
15947	6163	1
15957	19979	1
15984	21260	1
15994	5153	1
16009	22946	1
16011	8505	1
16013	6564	1
16024	16082	1
16042	19991	1
16079	19360	1
16084	24916	1
16084	28451	1
16130	4172	1
16143	32376	1
16152	27322	1
16166	18748	1
16170	35297	1
16184	35817	1
16186	16453	1
16195	22141	1
16204	34130	1
16207	30903	1
16244	28598	1
16282	24564	1
16295	28873	1
16297	26009	1
16308	9412	1
16311	10810	1
16313	12616	1
16313	31223	1
16318	1474	1
16321	25200	1
16327	24808	1
16346	4567	1
16358	3567	1
16359	24566	1
16359	32667	1
16377	13001	1
16382	27627	1
16384	24709	1
16390	14772	1
16398	23477	1
16417	29008	1
16433	19329	1
16464	22916	1
16465	22376	1
16476	13058	1
16488	32437	1
16514	18103	1
16525	9562	1
16539	1489	1
16544	3429	1
16544	13585	1
16550	27041	1
16553	15779	1
16554	16548	1
16585	15105	1
16592	27327	1
16604	33897	1
16618	1188	1
16649	30709	1
16655	29246	1
16671	24905	1
16671	25379	1
16687	23983	1
16715	11674	1
16722	3707	1
16753	1154	1
16760	27207	1
16772	12490	1
16774	18018	1
16774	29222	1
16779	19218	1
16804	8577	1
16806	28771	1
16810	30031	1
16834	22716	1
16843	5204	1
16867	4944	1
16868	27605	1
16880	19867	1
16892	11678	1
16905	16044	1
16908	27831	1
16918	24890	1
16939	214	1
16955	3732	1
16956	31351	1
16968	1606	1
17004	11844	1
17006	33397	1
17008	32698	1
17015	36304	1
17026	10806	1
17028	7054	1
17029	35099	1
17043	15141	1
17047	10772	1
17066	7213	1
17120	5397	1
17125	27866	1
17137	10556	1
17147	31384	1
17157	20203	1
17163	29644	1
17182	29190	1
17192	2974	1
17210	13160	1
17227	31425	1
17237	7868	1
17244	26995	1
17248	5810	1
17249	19335	1
17293	3067	1
17318	4263	1
17321	6388	1
17349	3686	1
17357	27332	1
17407	22226	1
17414	14116	1
17415	30052	1
17447	3041	1
17466	7233	1
17469	23943	1
17477	15702	1
17486	7113	1
17489	11947	1
17490	28878	1
17516	1110	1
17532	10902	1
17554	32487	1
17558	9169	1
17563	16697	1
17569	29191	1
17574	7725	1
17586	15998	1
17589	1613	1
17591	823	1
17606	30516	1
17641	11640	1
17658	28387	1
17669	18065	1
17674	27961	1
17682	15728	1
17684	15043	1
17687	21321	1
17695	23636	1
17723	8935	1
17738	27151	1
17749	8874	1
17749	12467	1
17756	8928	1
17767	13247	1
17771	591	1
17789	26983	1
17802	1176	1
17806	13480	1
17822	20457	1
17863	27566	1
17872	35494	1
17880	17210	1
17925	20709	1
17936	658	1
17937	3037	1
17951	36097	1
17961	3440	1
17979	17489	1
18008	31235	1
18070	31684	1
18075	2644	1
18078	15088	1
18088	33146	1
18124	7330	1
18124	15791	1
18126	21274	1
18133	36639	1
18137	7339	1
18151	14197	1
18156	25554	1
18169	35375	1
18171	27164	1
18173	32116	1
18181	25235	1
18193	31078	1
18194	17581	1
18196	2615	1
18204	8924	1
18222	13185	1
18229	15488	1
18229	34708	1
18251	29471	1
18299	911	1
18314	32684	1
18315	32395	1
18317	16883	1
18327	15199	1
18340	13423	1
18372	33785	1
18376	10441	1
18379	11105	1
18396	1649	1
18412	26627	1
18423	28357	1
18427	15041	1
18441	34179	1
18449	1168	1
18451	627	1
18468	17504	1
18469	35530	1
18478	16679	1
18496	8618	1
18539	15819	1
18616	34959	1
18632	13578	1
18644	17971	1
18655	33503	1
18671	33339	1
18678	18194	1
18690	27737	1
18695	22152	1
18695	31355	1
18718	19358	1
18735	12158	1
18741	17411	1
18754	12963	1
18755	3688	1
18768	13092	1
18790	31621	1
18803	11755	1
18809	16526	1
18809	19358	1
18840	15216	1
18845	26809	1
18847	15292	1
18848	34792	1
18857	824	1
18865	9222	1
18875	19913	1
18887	1444	1
18893	23190	1
18920	3808	1
18923	25119	1
18950	27029	1
18990	20180	1
18992	29559	1
19017	25009	1
19022	19770	1
19031	2129	1
19034	19446	1
19035	29725	1
19042	1624	1
19046	20557	1
19049	22998	1
19067	16156	1
19067	31770	1
19084	12864	1
19090	25954	1
19095	35727	1
19137	34120	1
19160	8646	1
19161	12748	1
19170	1309	1
19170	27189	1
19178	19796	1
19225	19130	1
19238	31389	1
19242	33088	1
19248	28782	1
19256	30022	1
19269	2926	1
19274	9689	1
19279	6769	1
19285	25805	1
19286	6904	1
19293	12901	1
19311	13383	1
19333	1964	1
19336	17778	1
19359	23668	1
19370	27173	1
19388	14020	1
19402	33279	1
19437	33007	1
19448	419	1
19455	34378	1
19470	23604	1
19476	6801	1
19478	12003	1
19479	11908	1
19480	30246	1
19483	33560	1
19490	25411	1
19503	31643	1
19505	1739	1
19524	596	1
19530	16909	1
19539	5146	1
19544	19210	1
19545	17429	1
19547	32914	1
19548	17681	1
19551	20141	1
19569	9093	1
19587	1364	1
19622	17426	1
19627	10031	1
19640	17448	1
19647	16254	1
19675	26939	1
19712	22622	1
19726	5416	1
19729	29444	1
19732	17590	1
19732	26104	1
19764	20700	1
19767	10067	1
19774	21581	1
19781	6171	1
19793	31229	1
19794	7691	1
19795	17149	1
19798	27631	1
19801	8656	1
19835	22842	1
19839	36676	1
19868	9739	1
19938	2763	1
19945	24928	1
19956	8082	1
19957	33854	1
19958	32184	1
19977	4093	1
19979	30772	1
20017	22604	1
20028	21526	1
20030	12834	1
20037	16054	1
20040	1325	1
20049	1873	1
20076	28605	1
20089	15084	1
20105	3594	1
20106	2111	1
20110	5952	1
20122	19558	1
20139	23550	1
20146	34176	1
20148	5678	1
20152	12031	1
20233	30856	1
20272	35979	1
20276	5580	1
20284	25462	1
20285	12526	1
20292	3420	1
20299	27969	1
20315	18713	1
20337	12299	1
20360	1468	1
20372	26478	1
20384	22331	1
20385	23623	1
20389	20887	1
20402	30901	1
20414	6352	1
20425	3657	1
20445	9030	1
20445	15076	1
20445	23003	1
20451	21437	1
20458	17895	1
20469	17829	1
20469	24679	1
20482	24770	1
20487	18821	1
20522	10752	1
20542	10381	1
20545	5688	1
20546	9712	1
20552	32166	1
20553	29331	1
20582	35363	1
20591	17475	1
20596	11948	1
20607	7582	1
20626	31227	1
20628	25941	1
20646	20657	1
20651	15943	1
20662	18697	1
20664	12763	1
20676	7650	1
20679	29771	1
20684	22427	1
20696	23723	1
20696	33038	1
20731	21140	1
20737	9743	1
20738	18716	1
20746	7385	1
20749	15246	1
20782	13133	1
20783	3322	1
20789	247	1
20816	9321	1
20820	12066	1
20821	21959	1
20831	3306	1
20841	27413	1
20842	3846	1
20845	32612	1
20853	27780	1
20878	27375	1
20884	19339	1
20896	35432	1
20899	12778	1
20917	14411	1
20917	36426	1
20918	30363	1
20925	4642	1
20969	33469	1
20976	29231	1
20981	27260	1
20992	32473	1
21012	36559	1
21023	13640	1
21027	19263	1
21027	31207	1
21029	13945	1
21046	27990	1
21053	16378	1
21071	22539	1
21074	12917	1
21090	27808	1
21100	10466	1
21100	32918	1
21120	11018	1
21134	7892	1
21153	33672	1
21160	10149	1
21160	15379	1
21161	21907	1
21162	864	1
21163	32150	1
21164	9765	1
21174	29201	1
21181	29168	1
21189	32388	1
21191	30473	1
21194	22188	1
21199	17384	1
21204	26967	1
21219	19297	1
21222	4690	1
21235	5321	1
21245	28224	1
21255	17112	1
21264	33070	1
21289	25998	1
21299	5995	1
21309	32181	1
21318	821	1
21318	14385	1
21318	36498	1
21325	3241	1
21328	20181	1
21334	26216	1
21355	9306	1
21372	25605	1
21377	34371	1
21383	921	1
21385	12573	1
21400	26827	1
21415	4505	1
21418	3358	1
21422	17463	1
21424	33645	1
21431	22380	1
21434	18960	1
21446	15125	1
21452	30100	1
21454	11999	1
21461	5261	1
21463	32323	1
21471	24886	1
21479	31401	1
21494	3369	1
21520	541	1
21552	12040	1
21588	32664	1
21604	4913	1
21617	29090	1
21625	29145	1
21626	3396	1
21633	1183	1
21644	24239	1
21648	20230	1
21648	30558	1
21663	24399	1
21727	20838	1
21741	17309	1
21765	18871	1
21771	4922	1
21771	12063	1
21779	30051	1
21781	13353	1
21785	12487	1
21788	21192	1
21801	17376	1
21808	5985	1
21827	17407	1
21851	9230	1
21856	5293	1
21866	16140	1
21877	17684	1
21880	4953	1
21895	22734	1
21907	24850	1
21974	7043	1
21977	29747	1
21987	26722	1
21988	30462	1
21989	2379	1
22003	17740	1
22024	35924	1
22031	30542	1
22085	429	1
22088	7564	1
22095	15553	1
22108	20678	1
22119	28053	1
22123	3432	1
22126	8665	1
22128	1864	1
22128	32950	1
22141	21751	1
22144	11395	1
22147	18598	1
22157	8471	1
22164	32845	1
22165	20942	1
22182	33766	1
22185	36273	1
22216	16458	1
22218	4761	1
22232	31080	1
22233	193	1
22249	25553	1
22254	10353	1
22255	12142	1
22255	34285	1
22311	34459	1
22316	13910	1
22325	16319	1
22331	30940	1
22334	10460	1
22337	18548	1
22358	17583	1
22421	9227	1
22424	20011	1
22429	25898	1
22434	28853	1
22449	24007	1
22455	13226	1
22474	3453	1
22484	13900	1
22495	14627	1
22496	1334	1
22502	24940	1
22519	15852	1
22533	13384	1
22555	2076	1
22579	16953	1
22583	29897	1
22586	32876	1
22599	606	1
22606	12040	1
22618	2405	1
22622	7949	1
22674	2062	1
22703	22519	1
22731	8366	1
22733	33783	1
22739	4725	1
22744	36447	1
22745	5873	1
22746	36148	1
22749	12205	1
22754	27195	1
22775	16810	1
22775	28724	1
22790	28618	1
22795	14069	1
22795	34091	1
22823	7912	1
22832	26599	1
22847	36293	1
22849	18561	1
22872	15697	1
22885	9617	1
22885	12170	1
22894	23277	1
22907	12516	1
22918	33152	1
22928	32110	1
22952	32028	1
22968	12310	1
22995	15753	1
23000	32835	1
23008	13748	1
23017	26553	1
23036	12466	1
23044	25272	1
23077	15169	1
23098	13769	1
23135	16070	1
23146	24711	1
23148	19105	1
23151	1444	1
23208	30078	1
23212	610	1
23212	14140	1
23231	21562	1
23307	3797	1
23315	22432	1
23333	4620	1
23338	17166	1
23346	27738	1
23352	8660	1
23357	28347	1
23387	18923	1
23391	31006	1
23407	6949	1
23421	34380	1
23430	23554	1
23431	34865	1
23437	26086	1
23443	5985	1
23475	8626	1
23491	17790	1
23492	20852	1
23504	26457	1
23505	32151	1
23520	26573	1
23535	15508	1
23538	1890	1
23549	36299	1
23556	8484	1
23568	3515	1
23570	11351	1
23576	24737	1
23577	10214	1
23593	10424	1
23607	23924	1
23613	13462	1
23613	30638	1
23617	25238	1
23625	7662	1
23629	20974	1
23636	36429	1
23648	33013	1
23657	34536	1
23661	10527	1
23730	8697	1
23735	29752	1
23736	35294	1
23741	35407	1
23745	15557	1
23746	16214	1
23764	29635	1
23769	33308	1
23771	9333	1
23774	9633	1
23776	10659	1
23784	24315	1
23785	6669	1
23791	16167	1
23792	25301	1
23804	20279	1
23811	17831	1
23817	26088	1
23820	23753	1
23828	34892	1
23830	11518	1
23835	6618	1
23858	20085	1
23863	11437	1
23868	19497	1
23871	34940	1
23878	370	1
23883	16510	1
23887	11392	1
23888	6615	1
23939	4830	1
23941	15013	1
23946	10771	1
23959	3803	1
23970	24908	1
23975	13628	1
24011	11417	1
24021	23166	1
24038	4990	1
24040	19652	1
24048	15873	1
24068	9582	1
24069	29182	1
24071	8830	1
24076	20248	1
24085	34666	1
24095	7164	1
24097	2116	1
24139	2245	1
24144	6846	1
24148	31230	1
24157	16298	1
24161	29452	1
24165	8169	1
24166	8380	1
24191	19301	1
24193	11192	1
24207	19670	1
24214	10318	1
24216	9524	1
24225	10509	1
24228	8195	1
24233	20670	1
24236	25045	1
24243	25245	1
24244	31666	1
24250	17848	1
24253	21538	1
24259	25000	1
24278	6337	1
24285	28812	1
24325	16781	1
24325	32312	1
24328	16010	1
24333	23338	1
24338	9440	1
24375	6831	1
24376	21862	1
24381	34779	1
24383	31572	1
24385	32709	1
24403	23731	1
24404	14381	1
24405	3111	1
24420	1843	1
24440	32115	1
24454	29769	1
24460	23620	1
24472	3159	1
24479	1516	1
24494	1365	1
24495	16460	1
24497	10820	1
24498	9209	1
24511	35023	1
24538	14760	1
24549	32252	1
24553	14336	1
24562	24893	1
24603	18201	1
24604	12549	1
24644	35760	1
24646	20379	1
24648	5971	1
24659	2248	1
24665	16510	1
24672	25172	1
24689	23878	1
24725	23244	1
24727	13377	1
24733	11178	1
24747	30218	1
24759	27527	1
24762	19208	1
24765	28693	1
24799	3415	1
24805	27175	1
24812	4425	1
24815	1246	1
24881	8727	1
24881	13852	1
24882	25972	1
24884	28007	1
24888	11466	1
24899	17157	1
24906	13773	1
24909	4347	1
24923	33342	1
24931	20223	1
24933	8892	1
24933	28729	1
24951	22263	1
24965	26409	1
24977	10412	1
24991	26464	1
24995	30971	1
24995	31165	1
25003	9523	1
25004	25161	1
25013	7821	1
25024	11484	1
25032	14587	1
25036	17537	1
25044	8745	1
25051	34673	1
25062	29809	1
25066	25401	1
25074	19439	1
25084	8226	1
25089	24616	1
25097	2326	1
25105	31456	1
25111	24723	1
25129	25067	1
25142	22917	1
25147	9112	1
25149	36041	1
25189	31557	1
25203	22258	1
25206	7486	1
25215	11137	1
25218	29870	1
25224	26805	1
25231	10158	1
25237	21622	1
25240	16187	1
25249	3433	1
25276	5008	1
25285	28821	1
25293	12329	1
25304	12209	1
25306	12579	1
25308	28604	1
25308	32898	1
25321	35997	1
25323	27671	1
25329	21065	1
25333	26715	1
25340	12834	1
25361	12324	1
25385	22532	1
25389	695	1
25394	20570	1
25396	1010	1
25424	26258	1
25435	13022	1
25504	20843	1
25505	8871	1
25507	23552	1
25508	20458	1
25515	12657	1
25559	21666	1
25590	19309	1
25618	27813	1
25654	11181	1
25656	35643	1
25658	29632	1
25664	11345	1
25667	1207	1
25680	9387	1
25697	21368	1
25698	1816	1
25703	13349	1
25704	14542	1
25708	29300	1
25715	22535	1
25726	34987	1
25736	15365	1
25740	2215	1
25743	13548	1
25762	32235	1
25778	13628	1
25803	31828	1
25812	14552	1
25818	12034	1
25828	24439	1
25854	4885	1
25885	22933	1
25909	15733	1
25917	12169	1
25930	8402	1
25943	4856	1
25945	18062	1
25951	6758	1
25967	10190	1
25969	3127	1
25976	14524	1
26005	27613	1
26025	36161	1
26035	20407	1
26086	6249	1
26086	11227	1
26090	30454	1
26102	6294	1
26116	26036	1
26118	9576	1
26123	16315	1
26128	21115	1
26154	15734	1
26207	29202	1
26214	9064	1
26222	22790	1
26234	18476	1
26243	16325	1
26251	6392	1
26254	24283	1
26269	13852	1
26270	31681	1
26276	7385	1
26293	13711	1
26296	20843	1
26297	10941	1
26301	13671	1
26309	8869	1
26312	31847	1
26324	14508	1
26330	25713	1
26332	23246	1
26333	20259	1
26343	17196	1
26346	10508	1
26348	26356	1
26353	26326	1
26354	3712	1
26372	29555	1
26375	4816	1
26385	14661	1
26394	34974	1
26396	30964	1
26405	11075	1
26412	12401	1
26434	19986	1
26437	21164	1
26438	35155	1
26442	12824	1
26458	21020	1
26475	7994	1
26475	9974	1
26496	13251	1
26505	14119	1
26544	5851	1
26561	26829	1
26569	30218	1
26579	511	1
26581	3049	1
26586	3499	1
26611	4450	1
26612	27376	1
26613	35994	1
26621	22854	1
26634	21625	1
26638	13582	1
26638	20997	1
26661	29043	1
26685	29669	1
26698	23097	1
26699	5862	1
26717	15623	1
26721	29839	1
26728	7938	1
26737	34147	1
26753	27835	1
26761	31892	1
26766	33881	1
26786	19373	1
26790	13793	1
26817	11675	1
26831	34982	1
26848	12761	1
26850	13049	1
26869	5722	1
26869	13825	1
26908	5524	1
26916	28658	1
26918	20426	1
26927	9559	1
26931	28654	1
26952	33460	1
26956	29791	1
26966	29529	1
26977	32675	1
26978	30944	1
26984	21673	1
26993	7164	1
27003	28742	1
27008	30715	1
27012	6518	1
27028	26829	1
27034	8794	1
27038	35097	1
27055	30095	1
27058	16298	1
27065	16946	1
27077	12172	1
27091	11824	1
27093	26157	1
27116	24261	1
27120	9455	1
27127	31035	1
27129	10796	1
27129	33831	1
27149	21386	1
27183	15164	1
27185	19887	1
27185	35417	1
27203	29414	1
27210	4921	1
27219	28563	1
27224	22346	1
27227	22670	1
27241	6415	1
27250	32587	1
27254	31478	1
27255	24913	1
27261	12580	1
27280	10640	1
27281	9834	1
27284	14624	1
27300	32638	1
27350	1704	1
27369	30904	1
27370	8519	1
27375	17217	1
27386	88	1
27386	17004	1
27391	25693	1
27412	33200	1
27426	11471	1
27443	16070	1
27447	33202	1
27464	19977	1
27469	6893	1
27484	33246	1
27511	34050	1
27523	30407	1
27525	26086	1
27527	644	1
27542	6821	1
27545	24954	1
27546	32357	1
27551	8988	1
27554	5215	1
27563	20079	1
27572	28826	1
27585	11437	1
27594	26239	1
27617	10061	1
27629	10361	1
27646	11077	1
27651	20034	1
27660	8903	1
27662	8432	1
27668	35669	1
27672	31845	1
27674	6226	1
27677	23819	1
27679	15567	1
27692	29821	1
27693	25635	1
27693	28299	1
27694	31321	1
27695	30711	1
27696	35785	1
27710	27063	1
27729	20577	1
27752	28640	1
27753	19282	1
27753	21818	1
27773	25598	1
27785	190	1
27796	33222	1
27797	29460	1
27799	18126	1
27820	16377	1
27830	29729	1
27856	29990	1
27867	14758	1
27887	13065	1
27921	34087	1
27925	30835	1
27954	29457	1
27987	13238	1
28049	26245	1
28077	14803	1
28081	23035	1
28089	1451	1
28090	22192	1
28121	35260	1
28138	22914	1
28161	481	1
28172	17966	1
28175	3494	1
28175	16384	1
28176	24887	1
28190	35717	1
28204	24768	1
28219	36555	1
28220	35529	1
28228	31890	1
28232	24306	1
28236	23820	1
28257	8586	1
28258	10059	1
28269	8565	1
28277	11478	1
28277	33382	1
28279	32519	1
28282	34976	1
28298	7682	1
28332	24588	1
28371	6669	1
28375	17313	1
28386	27668	1
28398	29697	1
28418	8076	1
28428	14176	1
28452	28510	1
28459	3285	1
28467	33040	1
28469	17978	1
28518	16750	1
28521	19340	1
28528	7838	1
28528	12450	1
28534	20907	1
28550	204	1
28556	5464	1
28579	227	1
28589	9563	1
28599	17393	1
28644	20084	1
28659	22913	1
28670	30254	1
28675	29158	1
28678	25468	1
28684	4369	1
28698	13643	1
28698	33486	1
28715	27451	1
28716	28098	1
28718	22366	1
28719	1768	1
28727	33268	1
28732	9366	1
28737	35024	1
28766	11923	1
28770	2705	1
28780	7555	1
28832	7011	1
28834	7723	1
28854	13783	1
28854	35021	1
28855	5192	1
28880	22127	1
28901	24496	1
28906	28031	1
28934	19420	1
28937	18560	1
28958	6303	1
28985	15928	1
28992	25570	1
28995	17641	1
28996	33221	1
28997	23746	1
29010	3015	1
29024	4787	1
29024	26088	1
29079	125	1
29091	2575	1
29091	28760	1
29121	27128	1
29123	21064	1
29125	11737	1
29125	15242	1
29142	2154	1
29149	22985	1
29161	17345	1
29164	8268	1
29168	11775	1
29175	15657	1
29183	3225	1
29194	16686	1
29203	27930	1
29206	9508	1
29236	12457	1
29246	10678	1
29251	24994	1
29257	12027	1
29265	26402	1
29278	20242	1
29283	3939	1
29283	23130	1
29284	17376	1
29295	26848	1
29300	1746	1
29326	32663	1
29331	4989	1
29357	13547	1
29385	8187	1
29386	18427	1
29403	35315	1
29415	8556	1
29421	31957	1
29423	21549	1
29438	26927	1
29443	12142	1
29459	22776	1
29460	10203	1
29462	4973	1
29473	3404	1
29474	21451	1
29476	19986	1
29490	20695	1
29496	13007	1
29511	11000	1
29531	16394	1
29534	13214	1
29541	26003	1
29551	882	1
29566	974	1
29571	7376	1
29586	31213	1
29592	18282	1
29599	6073	1
29606	34608	1
29612	35441	1
29615	35070	1
29617	23465	1
29628	19549	1
29634	5814	1
29668	6900	1
29682	6651	1
29683	2435	1
29683	8948	1
29693	707	1
29700	20186	1
29706	4821	1
29712	22492	1
29721	6309	1
29728	36046	1
29737	2698	1
29741	30464	1
29747	24407	1
29754	12544	1
29760	10191	1
29783	13417	1
29787	9672	1
29795	23336	1
29797	29229	1
29798	35646	1
29799	15461	1
29820	5062	1
29840	22025	1
29849	12661	1
29851	1169	1
29854	6847	1
29862	8402	1
29865	14096	1
29870	20643	1
29883	5533	1
29888	33660	1
29893	28796	1
29935	21017	1
29948	25561	1
29955	31522	1
29958	26045	1
29959	2049	1
29973	34161	1
29975	4433	1
30015	32919	1
30027	21642	1
30027	29305	1
30027	29710	1
30029	9824	1
30031	6653	1
30031	24272	1
30034	21159	1
30040	24189	1
30045	23305	1
30048	5754	1
30052	12685	1
30069	15158	1
30072	29048	1
30090	6458	1
30121	7394	1
30146	6663	1
30148	3385	1
30166	29	1
30171	16469	1
30173	23508	1
30187	22599	1
30191	28945	1
30192	31022	1
30208	29823	1
30233	34414	1
30237	7621	1
30247	2959	1
30249	10340	1
30249	19871	1
30253	13427	1
30291	8323	1
30311	34492	1
30328	12897	1
30333	13541	1
30335	6043	1
30362	21173	1
30374	1918	1
30388	8524	1
30399	16883	1
30401	11261	1
30403	12425	1
30404	25038	1
30411	8636	1
30422	20917	1
30424	16876	1
30458	21454	1
30468	28908	1
30484	10067	1
30499	23032	1
30510	520	1
30513	26025	1
30522	655	1
30536	19072	1
30546	35666	1
30567	13107	1
30587	34539	1
30588	31554	1
30595	4298	1
30603	5436	1
30605	34693	1
30636	6952	1
30646	10564	1
30653	28344	1
30660	556	1
30662	3186	1
30665	26886	1
30700	28468	1
30720	7523	1
30726	10084	1
30727	5268	1
30733	10710	1
30765	7368	1
30769	28185	1
30770	17968	1
30820	15078	1
30840	20519	1
30846	14517	1
30854	14052	1
30864	13467	1
30870	16187	1
30883	9946	1
30887	1225	1
30907	34160	1
30912	14012	1
30912	30261	1
30913	5894	1
30918	1587	1
30948	22538	1
30953	28964	1
30954	3351	1
30954	11738	1
30966	6669	1
30984	6717	1
31024	26976	1
31034	20096	1
31041	11273	1
31061	31346	1
31076	4478	1
31076	13139	1
31090	14588	1
31095	30969	1
31096	31483	1
31121	8931	1
31155	16466	1
31160	16509	1
31168	3207	1
31168	31635	1
31170	25360	1
31187	13116	1
31191	14671	1
31216	22377	1
31216	27647	1
31219	13403	1
31251	15939	1
31259	23911	1
31289	26932	1
31297	35378	1
31308	32491	1
31309	7530	1
31318	25137	1
31386	14984	1
31386	29163	1
31393	35220	1
31401	4396	1
31419	28586	1
31448	7461	1
31452	14045	1
31456	15431	1
31464	18390	1
31479	5889	1
31504	3093	1
31520	29660	1
31522	24347	1
31529	17000	1
31531	567	1
31532	18022	1
31534	36643	1
31539	21689	1
31554	21940	1
31555	29627	1
31570	8602	1
31579	8529	1
31584	5212	1
31587	18823	1
31611	14236	1
31623	6316	1
31628	10817	1
31661	13442	1
31689	26636	1
31693	6638	1
31750	5915	1
31766	11964	1
31774	1297	1
31798	13023	1
31817	25244	1
31822	19184	1
31843	11953	1
31853	26966	1
31862	34516	1
31866	26424	1
31872	1808	1
31882	23502	1
31904	16049	1
31906	9238	1
31937	9802	1
31962	15031	1
31962	22553	1
31964	17189	1
31996	4658	1
32025	13876	1
32061	27760	1
32075	35932	1
32080	2093	1
32091	16304	1
32092	5732	1
32115	22811	1
32133	7178	1
32162	5	1
32170	25439	1
32178	20689	1
32180	12304	1
32182	24790	1
32182	31983	1
32191	278	1
32207	6170	1
32213	23678	1
32214	19131	1
32214	34291	1
32215	16693	1
32215	26262	1
32216	344	1
32220	27268	1
32232	8307	1
32246	8839	1
32248	24706	1
32260	3449	1
32264	29668	1
32271	25253	1
32279	31031	1
32282	29564	1
32285	8541	1
32295	1225	1
32295	3104	1
32311	963	1
32322	31482	1
32323	23363	1
32336	24795	1
32357	13138	1
32374	7290	1
32393	7180	1
32393	15632	1
32403	5049	1
32405	1121	1
32453	21897	1
32459	25855	1
32469	5652	1
32470	11086	1
32481	17360	1
32486	23793	1
32496	11425	1
32496	36057	1
32497	11457	1
32497	32169	1
32534	22782	1
32543	17424	1
32543	26962	1
32551	24325	1
32560	4258	1
32563	32337	1
32575	28375	1
32591	24998	1
32612	3805	1
32623	32370	1
32637	28081	1
32637	34609	1
32647	21103	1
32666	31313	1
32687	20321	1
32722	7567	1
32751	10690	1
32752	22660	1
32764	25471	1
32768	25337	1
32801	32089	1
32829	21134	1
32832	12039	1
32833	27940	1
32880	18608	1
32882	32077	1
32887	33679	1
32901	1663	1
32952	29649	1
32966	31585	1
32976	7164	1
32982	4019	1
32997	993	1
33004	30291	1
33005	20855	1
33009	16271	1
33025	34766	1
33027	8650	1
33033	18825	1
33060	23994	1
33064	30670	1
33073	15627	1
33079	34125	1
33099	866	1
33115	4685	1
33131	11874	1
33153	23098	1
33157	1250	1
33168	17401	1
33188	17220	1
33193	25387	1
33211	7461	1
33219	11399	1
33230	11124	1
33253	17131	1
33272	7341	1
33275	27922	1
33283	34284	1
33288	7775	1
33289	727	1
33293	26416	1
33313	6524	1
33327	26481	1
33335	11268	1
33340	22580	1
33343	18981	1
33376	9425	1
33384	21392	1
33392	14831	1
33397	21027	1
33423	21580	1
33427	12933	1
33441	16913	1
33450	30131	1
33463	14390	1
33470	24763	1
33472	5353	1
33486	17129	1
33507	18057	1
33523	1475	1
33524	13323	1
33545	3519	1
33548	6190	1
33548	30718	1
33558	1059	1
33569	15326	1
33570	23809	1
33579	35403	1
33584	15809	1
33598	28101	1
33600	25040	1
33609	12910	1
33611	14819	1
33625	4912	1
33637	1401	1
33641	28449	1
33643	660	1
33667	5167	1
33672	36388	1
33700	36604	1
33702	36023	1
33707	12322	1
33709	8390	1
33754	36215	1
33758	21628	1
33760	30271	1
33772	21846	1
33772	31626	1
33772	34151	1
33791	9906	1
33806	7766	1
33838	12763	1
33851	31849	1
33863	11635	1
33886	7935	1
33904	11552	1
33911	20005	1
33915	2929	1
33920	22905	1
33926	1569	1
33926	4635	1
33980	14509	1
33988	31760	1
33993	25909	1
33994	972	1
34011	18308	1
34026	29722	1
34032	18134	1
34040	18417	1
34042	30241	1
34048	35616	1
34054	2697	1
34058	11159	1
34069	16259	1
34114	33301	1
34117	3411	1
34118	8189	1
34118	33922	1
34138	28453	1
34161	11704	1
34161	34964	1
34164	24702	1
34165	32774	1
34165	36206	1
34168	19712	1
34189	2308	1
34212	36653	1
34220	9249	1
34223	19728	1
34233	13135	1
34266	32207	1
34270	2471	1
34334	28342	1
34342	9285	1
34347	24382	1
34397	7858	1
34411	32682	1
34420	15732	1
34421	21845	1
34424	8777	1
34440	6680	1
34449	22911	1
34472	32698	1
34489	22065	1
34492	25939	1
34514	11458	1
34515	33767	1
34524	35359	1
34530	1939	1
34543	8344	1
34547	11368	1
34552	9088	1
34557	7081	1
34557	12698	1
34568	28346	1
34573	23506	1
34594	3169	1
34606	2920	1
34615	14066	1
34615	32885	1
34622	24342	1
34643	15486	1
34645	26233	1
34649	34936	1
34654	16984	1
34665	16628	1
34665	35885	1
34666	9721	1
34675	22806	1
34683	13325	1
34688	787	1
34707	35344	1
34713	29716	1
34723	18355	1
34723	32711	1
34761	27398	1
34780	25364	1
34781	31080	1
34787	32860	1
34801	31859	1
34807	23339	1
34812	13913	1
34820	7764	1
34825	31772	1
34833	5465	1
34845	29554	1
34866	25003	1
34878	25888	1
34881	17373	1
34883	35597	1
34902	16606	1
34918	36246	1
34922	16840	1
34946	19480	1
34946	28641	1
34957	30674	1
34965	5354	1
34966	32714	1
34966	36605	1
34977	36048	1
34982	30578	1
35019	3227	1
35022	3331	1
35026	6822	1
35039	9644	1
35078	27275	1
35097	9480	1
35125	25647	1
35131	32273	1
35134	4443	1
35136	8415	1
35140	35624	1
35142	2802	1
35153	25602	1
35156	35946	1
35161	3798	1
35176	4993	1
35177	35530	1
35195	9843	1
35199	1903	1
35205	8875	1
35205	12777	1
35211	14660	1
35213	28067	1
35231	7501	1
35253	6028	1
35275	5153	1
35286	22432	1
35298	13011	1
35314	34516	1
35336	27641	1
35351	18952	1
35353	7170	1
35358	26356	1
35365	14978	1
35371	11637	1
35375	10874	1
35377	7863	1
35377	25031	1
35400	6640	1
35401	25547	1
35402	35768	1
35408	7235	1
35427	31200	1
35448	16492	1
35451	22446	1
35456	9942	1
35457	9801	1
35458	23265	1
35476	18010	1
35502	23923	1
35516	36030	1
35541	23226	1
35543	16297	1
35544	36170	1
35563	8770	1
35565	1952	1
35566	17146	1
35576	35237	1
35581	10424	1
35622	19045	1
35639	27892	1
35647	27606	1
35648	9879	1
35668	11336	1
35669	16329	1
35678	2882	1
35679	4215	1
35682	26079	1
35684	14589	1
35686	34020	1
35687	1648	1
35690	13593	1
35753	5614	1
35776	20189	1
35782	23606	1
35795	27534	1
35798	21920	1
35820	9332	1
35821	5742	1
35865	24619	1
35873	7788	1
35884	30908	1
35887	12049	1
35892	29561	1
35895	10808	1
35897	22879	1
35927	19690	1
35930	21159	1
35939	24655	1
35959	17777	1
35965	17215	1
35973	25542	1
35977	15797	1
35981	1057	1
36020	31087	1
36021	6187	1
36039	36322	1
36053	14626	1
36064	4760	1
36064	35540	1
36081	10536	1
36085	25505	1
36095	30386	1
36102	2137	1
36104	5337	1
36104	18462	1
36118	25029	1
36132	34939	1
36133	25174	1
36155	18987	1
36176	15864	1
36178	26059	1
36183	35778	1
36190	12191	1
36191	25905	1
36227	35218	1
36232	11798	1
36243	24963	1
36263	29316	1
36266	15077	1
36287	18945	1
36311	10556	1
36322	18915	1
36330	15519	1
36343	17362	1
36348	2605	1
36353	19798	1
36371	5174	1
36400	9644	1
36408	9006	1
36430	11255	1
36441	28657	1
36445	33440	1
36493	28766	1
36510	10032	1
36512	23275	1
36527	2560	1
36528	30407	1
36550	3157	1
36552	24844	1
36603	15696	1
36614	13993	1
36619	12469	1
36619	18916	1
36625	34753	1
36638	2652	1
36654	23663	1
36660	29488	1
36662	25617	1
36669	30271	1
36684	30412	1
