31	31758	1
82	18567	1
95	26023	1
120	29060	1
146	24632	1
150	31080	1
152	29750	1
153	21985	1
159	8744	1
167	21387	1
179	34250	1
214	28898	1
218	34383	1
221	4140	1
223	4697	1
224	2686	1
266	25070	1
276	7395	1
280	17211	1
282	23671	1
293	1512	1
301	6471	1
301	28444	1
310	35361	1
313	35755	1
328	23975	1
342	34352	1
361	858	1
361	17404	1
363	20246	1
374	30863	1
409	32323	1
412	10107	1
414	34627	1
431	14617	1
452	21513	1
462	22350	1
466	4806	1
468	17098	1
471	6588	1
489	22026	1
519	21388	1
523	16058	1
523	25286	1
536	13655	1
605	3513	1
632	26812	1
633	31177	1
639	15707	1
640	28024	1
643	24566	1
648	26060	1
659	11045	1
666	12767	1
675	12735	1
677	12070	1
706	3325	1
732	1958	1
738	31570	1
765	31876	1
776	4612	1
777	459	1
778	3932	1
803	25025	1
803	32709	1
822	34058	1
827	35166	1
830	28708	1
834	3306	1
835	20345	1
842	27956	1
843	9987	1
924	32293	1
935	27095	1
941	34234	1
943	16846	1
954	21044	1
955	9001	1
974	19136	1
992	11986	1
1004	33838	1
1006	2151	1
1016	14688	1
1021	469	1
1033	26016	1
1035	34527	1
1048	18809	1
1060	239	1
1077	24861	1
1089	17370	1
1094	25812	1
1095	16335	1
1115	31101	1
1125	20402	1
1128	26265	1
1132	15316	1
1156	31395	1
1166	13466	1
1183	21496	1
1187	35140	1
1198	7366	1
1229	17649	1
1249	11871	1
1272	28609	1
1273	29776	1
1276	30194	1
1287	34589	1
1292	5586	1
1295	30797	1
1302	6409	1
1302	16384	1
1310	3507	1
1323	26699	1
1333	4344	1
1336	21287	1
1338	4025	1
1353	31852	1
1363	8509	1
1363	28144	1
1363	32515	1
1367	11804	1
1371	32060	1
1388	13899	1
1401	6791	1
1424	5393	1
1445	11373	1
1477	32889	1
1484	9127	1
1490	22237	1
1512	19836	1
1517	11113	1
1521	17977	1
1521	35671	1
1527	12749	1
1531	35771	1
1539	7078	1
1546	22324	1
1546	27277	1
1562	32592	1
1564	25781	1
1568	26675	1
1574	34571	1
1587	4864	1
1596	30434	1
1605	5457	1
1605	7777	1
1616	2047	1
1629	19217	1
1643	11705	1
1644	33933	1
1646	25103	1
1651	23162	1
1657	20944	1
1660	14126	1
1705	24403	1
1729	31692	1
1766	15044	1
1786	25867	1
1790	14082	1
1808	13726	1
1809	29701	1
1809	34705	1
1817	29028	1
1850	26291	1
1853	19051	1
1860	17214	1
1864	29962	1
1869	35180	1
1875	20042	1
1883	12420	1
1897	31818	1
1913	11264	1
1933	7891	1
1941	23376	1
1946	6397	1
1947	22031	1
1948	34345	1
1949	17964	1
1954	9010	1
1974	10507	1
1996	9101	1
2016	18716	1
2021	5745	1
2055	7887	1
2058	27441	1
2103	22564	1
2105	28735	1
2114	1387	1
2125	15202	1
2134	30545	1
2138	9387	1
2147	4633	1
2150	16590	1
2150	23591	1
2172	24215	1
2174	10289	1
2184	7698	1
2197	16952	1
2199	1395	1
2204	22539	1
2209	7085	1
2246	34359	1
2273	34199	1
2274	32566	1
2281	15362	1
2281	31066	1
2285	13254	1
2301	12841	1
2322	24226	1
2347	1985	1
2364	18906	1
2388	31065	1
2389	29627	1
2390	32492	1
2392	35582	1
2429	11829	1
2431	12651	1
2432	20098	1
2433	18257	1
2436	5359	1
2437	26253	1
2442	9399	1
2461	35496	1
2465	26396	1
2529	27147	1
2558	2492	1
2558	34100	1
2560	23668	1
2569	3147	1
2573	26896	1
2583	10500	1
2593	23237	1
2596	28563	1
2610	7158	1
2612	25428	1
2630	31918	1
2650	33306	1
2654	2290	1
2661	3438	1
2675	3057	1
2697	33985	1
2698	3858	1
2724	20833	1
2730	33409	1
2734	20693	1
2738	25614	1
2740	28832	1
2741	34541	1
2748	15935	1
2749	36547	1
2763	30025	1
2774	18102	1
2783	22157	1
2799	4062	1
2807	4536	1
2812	19502	1
2834	12407	1
2840	27900	1
2874	13827	1
2875	6484	1
2893	31068	1
2902	31687	1
2904	19151	1
2904	32642	1
2909	1720	1
2923	24956	1
2927	18404	1
2938	8037	1
2950	26426	1
2954	17544	1
2970	33081	1
2985	2823	1
2992	32756	1
2998	553	1
3006	24476	1
3010	21505	1
3014	14633	1
3016	15186	1
3019	33468	1
3023	9118	1
3027	36655	1
3032	3554	1
3054	20943	1
3059	30237	1
3078	25451	1
3113	8876	1
3136	2797	1
3154	15192	1
3167	368	1
3190	22467	1
3191	33139	1
3216	12724	1
3229	17714	1
3264	25684	1
3278	9108	1
3292	13486	1
3313	13253	1
3326	18349	1
3328	24754	1
3337	23346	1
3346	13081	1
3351	35461	1
3356	5919	1
3400	237	1
3400	27736	1
3412	11260	1
3418	22541	1
3447	9075	1
3449	31587	1
3464	12151	1
3470	20323	1
3475	5133	1
3530	150	1
3545	24716	1
3560	15622	1
3560	34885	1
3567	26162	1
3571	28859	1
3610	10474	1
3622	34636	1
3626	3981	1
3648	686	1
3651	31978	1
3662	35234	1
3670	20920	1
3671	18120	1
3683	26436	1
3688	7696	1
3734	35711	1
3746	33749	1
3756	7558	1
3767	32177	1
3774	32987	1
3777	3819	1
3782	5690	1
3804	32110	1
3806	493	1
3813	32896	1
3820	35106	1
3828	1353	1
3841	21946	1
3843	20969	1
3856	29409	1
3867	13771	1
3883	32091	1
3889	36661	1
3895	21315	1
3899	146	1
3903	32536	1
3909	31132	1
3911	25963	1
3915	27800	1
3917	31856	1
3931	5117	1
3948	34842	1
3950	25780	1
3961	35141	1
3966	8451	1
3989	12974	1
3989	18251	1
3993	4751	1
4017	27752	1
4021	600	1
4022	17945	1
4034	5771	1
4046	24230	1
4065	10374	1
4071	13666	1
4098	12942	1
4108	22924	1
4119	29485	1
4122	15827	1
4139	31732	1
4171	31192	1
4174	33906	1
4199	3908	1
4242	5819	1
4244	5664	1
4255	420	1
4261	18664	1
4263	24728	1
4300	14980	1
4311	17338	1
4326	36128	1
4416	23486	1
4418	2038	1
4426	11365	1
4432	17342	1
4446	36502	1
4448	33882	1
4458	25063	1
4484	23532	1
4490	13918	1
4493	8884	1
4496	19451	1
4498	5521	1
4505	22978	1
4507	13532	1
4509	19832	1
4531	25689	1
4544	23335	1
4551	21307	1
4558	36327	1
4575	21785	1
4585	9477	1
4588	28225	1
4596	8659	1
4597	21037	1
4627	4652	1
4629	24584	1
4630	14586	1
4636	29150	1
4639	26863	1
4651	26191	1
4655	26995	1
4656	2787	1
4657	398	1
4663	23138	1
4670	25176	1
4671	36256	1
4685	22481	1
4702	33237	1
4725	11746	1
4736	29730	1
4816	30010	1
4821	27450	1
4830	23351	1
4837	3210	1
4845	31987	1
4858	4370	1
4871	18746	1
4886	17231	1
4892	11332	1
4901	26370	1
4924	21879	1
4932	27278	1
4934	9891	1
4946	34554	1
4948	20611	1
4959	2903	1
4974	32549	1
4990	16434	1
5006	26241	1
5007	21395	1
5014	31805	1
5023	5473	1
5023	24491	1
5037	18442	1
5065	25024	1
5066	26223	1
5067	12752	1
5069	8319	1
5086	6111	1
5101	33370	1
5116	10522	1
5116	27914	1
5160	36537	1
5165	32118	1
5171	16334	1
5185	6560	1
5185	21376	1
5192	20149	1
5223	1189	1
5230	29207	1
5252	2557	1
5254	26588	1
5264	30231	1
5269	8679	1
5291	12725	1
5294	33998	1
5300	1703	1
5312	4778	1
5313	8442	1
5331	22259	1
5348	17012	1
5353	24460	1
5356	2312	1
5358	5914	1
5366	5011	1
5369	3645	1
5379	21194	1
5383	26060	1
5386	35304	1
5392	10031	1
5395	3030	1
5398	10915	1
5399	9277	1
5401	35592	1
5414	12334	1
5460	12586	1
5460	28180	1
5462	32796	1
5474	25828	1
5483	20144	1
5493	33037	1
5496	9208	1
5502	15494	1
5512	26414	1
5515	2296	1
5516	30999	1
5525	17360	1
5528	7397	1
5548	14582	1
5552	20930	1
5552	32922	1
5555	6918	1
5565	4503	1
5592	26454	1
5605	36034	1
5609	27968	1
5611	27708	1
5621	2676	1
5622	29176	1
5626	28408	1
5633	3860	1
5637	8255	1
5668	18096	1
5669	818	1
5686	8626	1
5726	4558	1
5733	13808	1
5763	33082	1
5768	31858	1
5777	23969	1
5799	15423	1
5800	18099	1
5802	9989	1
5805	33399	1
5821	8701	1
5825	14006	1
5825	22043	1
5830	27143	1
5878	28612	1
5882	25469	1
5885	9792	1
5888	33320	1
5890	4597	1
5898	25538	1
5906	8692	1
5913	14386	1
5923	3416	1
5926	35255	1
5944	23006	1
5944	33228	1
5946	14070	1
5948	12474	1
5952	21509	1
5957	17590	1
5961	28847	1
5969	20652	1
5977	31289	1
5979	12908	1
5989	13076	1
6020	1496	1
6025	29078	1
6028	437	1
6037	28828	1
6038	1563	1
6042	5813	1
6052	12203	1
6061	14185	1
6083	7822	1
6094	16027	1
6102	15316	1
6103	8537	1
6103	27555	1
6104	11401	1
6110	3642	1
6121	3931	1
6131	30441	1
6133	16137	1
6151	32722	1
6155	1346	1
6170	35063	1
6172	14828	1
6180	29606	1
6181	5699	1
6186	13513	1
6222	27222	1
6228	34116	1
6230	17055	1
6270	22570	1
6285	35433	1
6288	2601	1
6292	26538	1
6313	14923	1
6325	35030	1
6329	35160	1
6350	23155	1
6357	5369	1
6399	13033	1
6409	35011	1
6412	22444	1
6428	21059	1
6432	9468	1
6462	31087	1
6471	14517	1
6472	7498	1
6475	32645	1
6478	10140	1
6478	17764	1
6497	9894	1
6527	13323	1
6531	9398	1
6533	131	1
6539	16929	1
6577	33962	1
6585	18069	1
6635	10651	1
6646	30024	1
6654	11212	1
6658	7626	1
6670	17629	1
6681	20754	1
6689	101	1
6703	4147	1
6703	30384	1
6711	27964	1
6714	23781	1
6715	36184	1
6727	21256	1
6731	8237	1
6731	19404	1
6735	12568	1
6738	13454	1
6797	34152	1
6815	19149	1
6817	27254	1
6839	4117	1
6861	15828	1
6867	29805	1
6880	7643	1
6885	13881	1
6890	10687	1
6890	11462	1
6905	20099	1
6912	28118	1
6920	5077	1
6924	23270	1
6940	6406	1
6944	30504	1
6971	35458	1
6972	28400	1
6974	26838	1
6993	34212	1
7011	35037	1
7019	30559	1
7020	6692	1
7035	35415	1
7066	23261	1
7103	3212	1
7105	6616	1
7113	8305	1
7134	4922	1
7137	10126	1
7147	33536	1
7149	30385	1
7193	13389	1
7197	13518	1
7197	31944	1
7199	11351	1
7202	21466	1
7219	17330	1
7219	29746	1
7233	22412	1
7245	21961	1
7254	14278	1
7254	29115	1
7272	27913	1
7273	10123	1
7274	32436	1
7278	30516	1
7287	10273	1
7298	29717	1
7298	30477	1
7317	5790	1
7323	16996	1
7347	8272	1
7360	7853	1
7367	2609	1
7369	32779	1
7370	30208	1
7406	18784	1
7424	16624	1
7439	12818	1
7451	9163	1
7485	30	1
7492	33644	1
7496	1712	1
7531	15632	1
7551	20916	1
7555	26066	1
7565	27217	1
7631	22987	1
7636	28408	1
7637	27626	1
7639	11715	1
7652	6123	1
7654	34555	1
7655	20500	1
7666	25291	1
7674	28452	1
7707	24786	1
7723	13322	1
7735	28373	1
7746	10302	1
7757	22250	1
7764	11848	1
7772	26850	1
7787	22000	1
7799	27439	1
7826	26805	1
7827	32850	1
7830	6664	1
7842	1512	1
7843	11153	1
7865	16164	1
7884	4009	1
7903	28459	1
7910	32189	1
7919	34179	1
7934	10552	1
7964	4411	1
7976	28218	1
7981	7151	1
7985	15633	1
7997	36038	1
8004	15789	1
8022	34571	1
8028	27046	1
8042	2572	1
8048	26970	1
8049	12200	1
8066	2135	1
8067	8184	1
8124	19027	1
8125	7039	1
8127	11606	1
8139	32897	1
8142	13020	1
8146	18337	1
8156	1009	1
8198	14570	1
8204	29067	1
8205	33486	1
8215	8927	1
8252	33836	1
8258	5030	1
8260	9300	1
8260	35118	1
8284	12176	1
8284	17648	1
8301	23291	1
8303	21515	1
8304	9990	1
8304	20435	1
8304	22434	1
8316	27527	1
8336	16972	1
8337	547	1
8337	16030	1
8349	19577	1
8355	9921	1
8401	15827	1
8406	7089	1
8412	24298	1
8416	32366	1
8420	27122	1
8428	17154	1
8432	6232	1
8439	32217	1
8444	28966	1
8453	8776	1
8453	30238	1
8460	23151	1
8505	20360	1
8509	12329	1
8514	30210	1
8523	25053	1
8526	19569	1
8526	21550	1
8528	20230	1
8543	31234	1
8544	9416	1
8548	16535	1
8600	6466	1
8603	2005	1
8618	26295	1
8621	9485	1
8634	12007	1
8638	30942	1
8652	7700	1
8669	11299	1
8674	13353	1
8700	34100	1
8701	20350	1
8703	34829	1
8715	11417	1
8740	32764	1
8806	25582	1
8816	17617	1
8826	33531	1
8857	8161	1
8879	29326	1
8897	252	1
8930	24213	1
8931	843	1
8932	2539	1
8936	618	1
8952	31163	1
8963	7686	1
8973	7570	1
8981	21516	1
8991	27713	1
8997	24188	1
8999	13346	1
9020	34609	1
9026	28516	1
9030	6151	1
9033	23115	1
9055	3862	1
9070	36271	1
9073	9632	1
9078	35151	1
9086	5920	1
9095	34810	1
9099	26608	1
9101	7830	1
9110	21886	1
9137	23538	1
9161	737	1
9170	14363	1
9183	9035	1
9198	17725	1
9210	20963	1
9217	1431	1
9223	27680	1
9224	25719	1
9242	10542	1
9247	14035	1
9262	33043	1
9265	30096	1
9271	31816	1
9272	15780	1
9272	30473	1
9286	22879	1
9286	31804	1
9287	2196	1
9291	55	1
9294	13529	1
9299	20491	1
9308	27483	1
9342	2877	1
9345	5640	1
9348	16056	1
9357	10558	1
9360	35754	1
9373	15471	1
9386	26780	1
9438	26632	1
9458	12016	1
9470	6821	1
9473	34202	1
9494	18505	1
9503	22078	1
9508	30813	1
9517	33318	1
9519	9920	1
9545	34471	1
9552	25166	1
9577	16309	1
9586	10132	1
9609	25430	1
9617	27449	1
9634	2565	1
9646	36576	1
9670	24958	1
9672	21766	1
9687	35	1
9699	7493	1
9699	8756	1
9710	4333	1
9715	30537	1
9725	31481	1
9726	26591	1
9736	8619	1
9736	24588	1
9749	1071	1
9782	22610	1
9790	1114	1
9800	6201	1
9803	28300	1
9830	6188	1
9843	18945	1
9876	28603	1
9885	8479	1
9888	35043	1
9898	15888	1
9901	3667	1
9903	13237	1
9909	8443	1
9909	23715	1
9910	25006	1
9911	3319	1
9922	20652	1
9926	12162	1
9939	28265	1
9943	3581	1
9967	33516	1
9979	16207	1
9984	10143	1
9994	986	1
9997	19247	1
10014	730	1
10044	19806	1
10049	19352	1
10073	24893	1
10109	30369	1
10111	19958	1
10121	13033	1
10132	28464	1
10185	22514	1
10187	1530	1
10188	22579	1
10202	1207	1
10208	6310	1
10210	14912	1
10228	34212	1
10240	15768	1
10281	2738	1
10287	20803	1
10326	4286	1
10347	24445	1
10351	18740	1
10367	17522	1
10370	21729	1
10379	16953	1
10390	14242	1
10428	8343	1
10441	11099	1
10442	14333	1
10445	16182	1
10447	35832	1
10457	14722	1
10470	1386	1
10474	27371	1
10491	7524	1
10492	27413	1
10510	31997	1
10512	27282	1
10515	3297	1
10523	29837	1
10538	25124	1
10540	27018	1
10544	25366	1
10546	7967	1
10554	13313	1
10557	26951	1
10572	20787	1
10584	27693	1
10589	21455	1
10590	3135	1
10602	34714	1
10618	30686	1
10623	6770	1
10623	12401	1
10644	12927	1
10647	13667	1
10651	20536	1
10682	6140	1
10685	1903	1
10694	36094	1
10709	14650	1
10718	6655	1
10731	36171	1
10769	32749	1
10812	33905	1
10824	16309	1
10826	28165	1
10829	10452	1
10842	27915	1
10846	19133	1
10847	3625	1
10903	27717	1
10904	4457	1
10915	11858	1
10916	33128	1
10933	19630	1
10941	29402	1
10954	19536	1
10965	13931	1
10977	19259	1
10978	21214	1
10983	5480	1
10984	16087	1
11005	26577	1
11009	25015	1
11014	3702	1
11052	13799	1
11057	8420	1
11062	28079	1
11071	27196	1
11078	25548	1
11080	8833	1
11080	36264	1
11085	28834	1
11115	19769	1
11126	6028	1
11137	36069	1
11156	21731	1
11159	6114	1
11171	8052	1
11192	22586	1
11199	23016	1
11284	28008	1
11321	4345	1
11335	34594	1
11338	33948	1
11387	19951	1
11432	11176	1
11440	11965	1
11440	34052	1
11441	23180	1
11491	14732	1
11502	2891	1
11511	18691	1
11521	34850	1
11527	29961	1
11544	14302	1
11546	3455	1
11547	366	1
11547	35630	1
11564	30723	1
11633	32779	1
11645	13152	1
11646	20360	1
11659	28123	1
11662	19285	1
11675	6247	1
11701	19120	1
11705	19118	1
11728	6120	1
11735	26077	1
11738	1748	1
11743	36392	1
11750	14371	1
11778	7222	1
11792	6769	1
11794	23597	1
11802	3937	1
11809	16414	1
11834	36194	1
11854	1232	1
11859	27013	1
11866	15906	1
11874	10649	1
11874	16898	1
11879	22288	1
11882	7103	1
11891	27332	1
11910	20343	1
11932	719	1
11977	32375	1
11983	12249	1
11984	22606	1
11991	6008	1
12018	383	1
12056	33728	1
12061	9600	1
12067	24779	1
12072	12169	1
12078	33702	1
12098	2431	1
12134	25662	1
12154	17254	1
12170	3177	1
12181	23970	1
12194	23047	1
12195	28667	1
12225	21418	1
12236	28076	1
12253	23497	1
12254	9582	1
12259	16547	1
12261	30663	1
12274	7985	1
12283	28606	1
12290	804	1
12290	1405	1
12294	3384	1
12311	19472	1
12324	28125	1
12333	21164	1
12347	19438	1
12359	15315	1
12372	10114	1
12379	3805	1
12402	7007	1
12408	19319	1
12463	14185	1
12499	34671	1
12528	20602	1
12538	4403	1
12556	797	1
12558	7859	1
12559	22049	1
12559	36577	1
12564	25093	1
12568	28876	1
12582	29250	1
12587	22707	1
12593	34038	1
12608	20501	1
12610	14488	1
12618	29821	1
12625	27781	1
12627	28016	1
12675	6539	1
12677	27587	1
12681	9838	1
12695	20895	1
12715	27990	1
12727	20635	1
12728	10370	1
12729	6024	1
12739	32524	1
12758	20686	1
12771	20901	1
12834	24171	1
12835	21094	1
12860	15759	1
12871	5521	1
12898	35157	1
12901	19187	1
12902	13637	1
12919	2087	1
12949	20108	1
12989	34486	1
12990	25724	1
13000	25707	1
13002	23365	1
13008	17357	1
13010	15772	1
13018	16477	1
13022	3412	1
13036	22032	1
13041	7642	1
13045	12777	1
13047	258	1
13057	35365	1
13069	21893	1
13070	27864	1
13071	15683	1
13081	18691	1
13095	23965	1
13098	32967	1
13099	29189	1
13100	28469	1
13106	16041	1
13123	16278	1
13126	12876	1
13136	34165	1
13139	28063	1
13141	18291	1
13154	10586	1
13154	28454	1
13178	3133	1
13183	23196	1
13185	10022	1
13245	21160	1
13246	15169	1
13263	12	1
13270	33314	1
13292	19812	1
13294	27027	1
13316	5903	1
13338	23403	1
13347	28096	1
13349	10061	1
13362	27707	1
13364	32122	1
13376	12231	1
13400	7513	1
13401	2672	1
13412	23623	1
13424	23159	1
13440	36570	1
13444	2124	1
13445	7176	1
13445	12848	1
13454	2627	1
13467	27191	1
13487	13125	1
13506	16789	1
13510	33849	1
13512	8990	1
13519	32608	1
13521	15117	1
13536	19240	1
13557	23395	1
13563	5221	1
13570	3383	1
13570	33202	1
13584	20517	1
13589	4426	1
13607	25409	1
13614	34247	1
13629	10252	1
13632	34148	1
13646	19694	1
13673	11160	1
13676	7795	1
13676	23235	1
13689	35171	1
13709	26112	1
13709	36309	1
13722	20659	1
13734	32920	1
13739	11866	1
13748	16221	1
13765	1565	1
13806	4315	1
13824	31292	1
13830	24106	1
13835	7002	1
13855	35857	1
13882	28298	1
13895	9638	1
13910	33111	1
13914	22146	1
13928	11866	1
13933	13581	1
13942	10184	1
13947	21417	1
13971	15556	1
13973	26367	1
13974	26448	1
13977	36136	1
13998	36405	1
14001	10602	1
14008	26943	1
14015	29476	1
14024	23729	1
14034	16826	1
14056	29290	1
14060	16760	1
14072	26955	1
14080	1467	1
14085	16870	1
14090	27941	1
14106	6929	1
14117	11613	1
14121	11530	1
14127	31316	1
14139	4809	1
14170	28193	1
14170	33542	1
14176	21633	1
14193	32880	1
14205	16933	1
14223	3379	1
14237	35860	1
14258	16369	1
14267	36556	1
14270	9444	1
14286	32218	1
14309	8445	1
14331	1512	1
14349	33249	1
14354	24734	1
14379	15591	1
14405	15885	1
14411	19289	1
14415	10762	1
14437	28307	1
14438	22811	1
14444	2265	1
14454	23333	1
14480	6544	1
14485	26089	1
14489	1962	1
14495	18518	1
14507	28587	1
14508	7023	1
14511	21635	1
14523	35629	1
14556	4423	1
14565	34956	1
14621	20368	1
14629	21816	1
14641	9408	1
14678	32032	1
14693	18407	1
14696	11525	1
14705	19258	1
14708	8512	1
14720	15231	1
14750	7393	1
14756	2682	1
14764	19796	1
14773	24830	1
14782	18467	1
14787	30822	1
14790	21883	1
14802	25815	1
14817	29573	1
14819	28094	1
14833	1873	1
14840	18650	1
14842	2354	1
14867	9884	1
14870	10678	1
14876	13449	1
14882	28886	1
14910	32588	1
14910	33235	1
14912	14999	1
14940	924	1
14959	5689	1
14966	6260	1
14973	15243	1
14978	2231	1
14997	16326	1
15026	35327	1
15046	29818	1
15050	23689	1
15070	4760	1
15072	16646	1
15088	29486	1
15107	26182	1
15118	12874	1
15126	11822	1
15140	34134	1
15167	10656	1
15215	6293	1
15215	26868	1
15238	11604	1
15239	2341	1
15253	32248	1
15268	1488	1
15277	27991	1
15281	7250	1
15305	31101	1
15338	26984	1
15350	18666	1
15353	22432	1
15370	4331	1
15383	25019	1
15396	32563	1
15398	4639	1
15401	11176	1
15421	15290	1
15431	19577	1
15459	33484	1
15471	17308	1
15490	3925	1
15492	18788	1
15496	16973	1
15497	24774	1
15531	15977	1
15549	15321	1
15556	12727	1
15590	29629	1
15602	16701	1
15604	19841	1
15606	25148	1
15627	8632	1
15634	12806	1
15650	27844	1
15671	20739	1
15685	8781	1
15695	15323	1
15703	31315	1
15712	25054	1
15718	10644	1
15728	4495	1
15732	32380	1
15740	6883	1
15748	21757	1
15750	23604	1
15750	32470	1
15754	2812	1
15755	5021	1
15778	11664	1
15785	35223	1
15795	7080	1
15796	34439	1
15805	24973	1
15813	7813	1
15814	20587	1
15840	13296	1
15866	34160	1
15880	3644	1
15886	10470	1
15890	9808	1
15908	29490	1
15916	108	1
15917	35251	1
15926	8281	1
15934	4049	1
15937	6383	1
15941	21602	1
15960	36291	1
15968	4929	1
15974	36662	1
16040	27967	1
16055	22341	1
16075	15627	1
16119	17497	1
16120	864	1
16148	23237	1
16158	17484	1
16162	21918	1
16220	11477	1
16237	22643	1
16267	9160	1
16280	33898	1
16281	1899	1
16284	19514	1
16285	14593	1
16285	27675	1
16305	26194	1
16307	31179	1
16316	34721	1
16320	19659	1
16338	13675	1
16341	29925	1
16342	29516	1
16346	7421	1
16354	12148	1
16381	33881	1
16391	34401	1
16443	30350	1
16459	25110	1
16471	12824	1
16476	21922	1
16490	11331	1
16492	20418	1
16505	36375	1
16519	12971	1
16563	15755	1
16568	1695	1
16568	34934	1
16569	17574	1
16577	22660	1
16590	16534	1
16608	22325	1
16615	30677	1
16617	11585	1
16622	25918	1
16643	10357	1
16644	13951	1
16657	18035	1
16666	4426	1
16674	9429	1
16682	22339	1
16691	5174	1
16716	8847	1
16733	30282	1
16736	360	1
16739	3919	1
16755	19948	1
16755	25448	1
16777	8810	1
16795	20337	1
16805	10246	1
16808	24214	1
16811	12931	1
16821	23603	1
16827	4710	1
16837	32122	1
16879	8477	1
16882	21692	1
16883	24437	1
16905	11460	1
16908	6847	1
16920	35380	1
16922	10442	1
16925	10442	1
16925	21764	1
16935	2422	1
16936	6936	1
16936	22681	1
16949	13508	1
16989	2744	1
16991	33471	1
16999	19592	1
17001	25028	1
17003	24717	1
17042	14520	1
17064	26911	1
17074	8382	1
17095	12055	1
17098	13993	1
17133	16529	1
17147	4088	1
17180	1590	1
17182	8340	1
17184	21305	1
17194	34411	1
17196	28340	1
17226	18879	1
17226	30815	1
17234	22380	1
17234	25789	1
17235	7391	1
17239	5894	1
17241	9561	1
17269	24551	1
17270	31446	1
17282	3784	1
17291	32350	1
17293	25799	1
17293	30135	1
17297	22521	1
17303	14766	1
17316	27852	1
17319	14566	1
17328	15129	1
17330	9275	1
17351	31361	1
17372	21002	1
17383	4513	1
17387	14776	1
17392	14785	1
17396	2011	1
17408	17628	1
17416	21102	1
17420	20085	1
17424	219	1
17426	22767	1
17430	28126	1
17443	18312	1
17479	16591	1
17505	29601	1
17509	30096	1
17528	34204	1
17543	21716	1
17544	19399	1
17568	7542	1
17578	24596	1
17593	32822	1
17597	4685	1
17601	7392	1
17610	14908	1
17616	9787	1
17618	18281	1
17630	27558	1
17650	8380	1
17659	17046	1
17662	17916	1
17663	4332	1
17673	6270	1
17673	20176	1
17693	1515	1
17693	12189	1
17695	25965	1
17705	30749	1
17730	18995	1
17742	11872	1
17744	9637	1
17744	30749	1
17772	7694	1
17792	8737	1
17808	30691	1
17824	2816	1
17832	405	1
17873	5921	1
17886	26907	1
17899	6572	1
17937	32995	1
17939	10478	1
17969	35356	1
17994	22458	1
18030	26177	1
18034	12253	1
18036	14863	1
18043	3621	1
18044	6499	1
18074	2666	1
18082	20616	1
18109	23349	1
18137	19636	1
18150	29739	1
18153	770	1
18155	3416	1
18170	28736	1
18209	12782	1
18211	11673	1
18279	31815	1
18282	20462	1
18287	1610	1
18292	28893	1
18294	34484	1
18301	1292	1
18319	24298	1
18320	34121	1
18326	5106	1
18331	15121	1
18335	22239	1
18348	17690	1
18405	12650	1
18413	23673	1
18422	23538	1
18424	781	1
18428	15575	1
18433	26224	1
18436	6269	1
18448	22760	1
18478	35964	1
18489	10758	1
18489	33581	1
18497	22262	1
18498	12754	1
18519	5583	1
18522	16557	1
18529	10384	1
18557	13894	1
18570	21091	1
18570	30957	1
18580	28776	1
18591	12954	1
18600	34635	1
18617	12555	1
18619	26834	1
18622	27973	1
18631	13802	1
18635	4678	1
18646	28354	1
18657	29397	1
18668	18055	1
18669	18364	1
18672	2725	1
18672	26220	1
18688	24896	1
18698	34264	1
18700	4870	1
18707	26512	1
18712	22928	1
18720	31297	1
18722	26465	1
18750	27728	1
18774	6099	1
18778	28438	1
18783	17979	1
18801	21828	1
18806	24920	1
18816	25416	1
18827	9693	1
18835	27310	1
18838	21052	1
18842	14037	1
18844	25986	1
18854	1845	1
18869	33043	1
18882	12025	1
18882	31748	1
18884	23716	1
18924	7340	1
18926	11341	1
18937	17232	1
18947	20421	1
18962	6673	1
18972	35964	1
18978	17428	1
19002	14441	1
19007	697	1
19007	20551	1
19013	7616	1
19022	18713	1
19022	22798	1
19030	7069	1
19035	30698	1
19044	7010	1
19048	10515	1
19069	33794	1
19071	17006	1
19082	9743	1
19101	22801	1
19110	36657	1
19111	33905	1
19123	7483	1
19128	1344	1
19144	11242	1
19151	24963	1
19164	7992	1
19167	19535	1
19175	24346	1
19177	877	1
19185	4864	1
19203	2895	1
19206	19230	1
19227	18846	1
19231	6828	1
19241	33378	1
19243	23868	1
19246	28690	1
19252	26269	1
19283	31960	1
19287	16374	1
19291	5694	1
19292	14233	1
19294	24794	1
19299	2168	1
19309	17488	1
19309	34893	1
19317	20581	1
19319	8416	1
19323	10673	1
19330	20897	1
19333	35475	1
19351	32291	1
19354	16275	1
19357	26634	1
19377	35464	1
19389	13900	1
19390	31662	1
19401	33149	1
19411	20070	1
19420	15140	1
19434	30934	1
19434	34500	1
19444	16135	1
19447	19604	1
19459	3828	1
19477	20177	1
19508	27871	1
19525	4505	1
19543	22769	1
19543	33483	1
19565	11875	1
19567	11384	1
19572	12077	1
19578	20555	1
19586	33625	1
19588	33287	1
19595	13212	1
19617	16362	1
19632	35337	1
19641	33211	1
19646	21077	1
19646	28399	1
19647	7122	1
19647	21783	1
19648	10791	1
19668	25733	1
19672	3718	1
19676	17374	1
19691	19702	1
19694	11677	1
19702	18917	1
19708	977	1
19718	35955	1
19727	7602	1
19742	309	1
19752	35658	1
19780	9711	1
19786	11773	1
19788	3377	1
19810	18697	1
19819	23735	1
19823	4538	1
19861	34541	1
19861	36610	1
19865	29205	1
19873	31555	1
19878	18642	1
19881	3869	1
19889	24855	1
19923	36171	1
19946	20089	1
19970	27495	1
19988	25982	1
20015	17810	1
20023	3449	1
20035	21161	1
20062	15265	1
20075	13657	1
20082	3484	1
20091	3485	1
20108	5699	1
20140	11551	1
20143	13063	1
20147	24822	1
20169	30480	1
20175	15728	1
20186	1141	1
20194	16748	1
20213	20118	1
20218	12815	1
20223	328	1
20239	27260	1
20256	20983	1
20258	31704	1
20262	33104	1
20283	2819	1
20289	24167	1
20296	21830	1
20321	19763	1
20327	25304	1
20330	18152	1
20349	6669	1
20356	30127	1
20380	3480	1
20392	23743	1
20422	21812	1
20453	4662	1
20466	14170	1
20487	19049	1
20491	9104	1
20497	31419	1
20503	7779	1
20505	19437	1
20512	12429	1
20516	20960	1
20519	8953	1
20525	31251	1
20531	21272	1
20558	2047	1
20559	18940	1
20561	32967	1
20570	8135	1
20585	17990	1
20586	32071	1
20613	36283	1
20619	14886	1
20628	10741	1
20652	9606	1
20662	3189	1
20694	24877	1
20709	6255	1
20720	24096	1
20739	17475	1
20770	13272	1
20781	34352	1
20784	9573	1
20788	7522	1
20795	32425	1
20800	6194	1
20804	26399	1
20835	15654	1
20838	30022	1
20842	21183	1
20846	34639	1
20881	19553	1
20883	31472	1
20907	8608	1
20910	9532	1
20915	32070	1
20922	22423	1
20926	2520	1
20953	5569	1
20955	15775	1
20970	21526	1
20971	29311	1
20998	15089	1
21007	6342	1
21015	26489	1
21018	1885	1
21049	32148	1
21075	19829	1
21097	24600	1
21100	19494	1
21100	23242	1
21132	20406	1
21140	21246	1
21142	26983	1
21156	4146	1
21169	32705	1
21175	31667	1
21177	1300	1
21193	25654	1
21208	12147	1
21209	27270	1
21217	16509	1
21219	35743	1
21227	31944	1
21230	30220	1
21238	29521	1
21243	6376	1
21261	33182	1
21266	25132	1
21271	35931	1
21273	17066	1
21293	2214	1
21308	2214	1
21318	3643	1
21339	16337	1
21340	32300	1
21342	34425	1
21347	33106	1
21349	28943	1
21349	28986	1
21401	28931	1
21408	8518	1
21425	9029	1
21425	34698	1
21428	35687	1
21440	10826	1
21448	17995	1
21501	15764	1
21507	23473	1
21511	19521	1
21516	20560	1
21545	29961	1
21572	20703	1
21587	10153	1
21608	30934	1
21613	1857	1
21615	35451	1
21621	36618	1
21623	2716	1
21627	30066	1
21632	24070	1
21638	34701	1
21673	13013	1
21677	23228	1
21698	30770	1
21700	17178	1
21707	3848	1
21709	14819	1
21723	6275	1
21732	511	1
21740	9010	1
21743	22223	1
21767	24609	1
21780	8265	1
21780	12871	1
21783	4101	1
21794	410	1
21802	14821	1
21861	222	1
21866	12015	1
21875	19202	1
21884	11621	1
21902	20511	1
21986	23548	1
21993	21554	1
22006	29191	1
22009	4147	1
22009	11745	1
22011	30336	1
22016	30447	1
22020	33292	1
22022	3150	1
22027	15643	1
22033	27446	1
22035	33792	1
22038	25907	1
22048	28338	1
22049	13760	1
22053	13931	1
22063	15383	1
22089	2738	1
22092	17287	1
22099	36646	1
22100	11650	1
22149	5035	1
22152	24923	1
22156	24329	1
22157	28423	1
22159	34256	1
22172	11277	1
22199	11421	1
22203	32615	1
22220	4359	1
22223	30521	1
22246	12251	1
22256	153	1
22276	12866	1
22276	26184	1
22291	26844	1
22309	28042	1
22319	31696	1
22323	15828	1
22334	24057	1
22339	9418	1
22351	34921	1
22369	20439	1
22388	2126	1
22391	14515	1
22400	37	1
22411	29862	1
22417	23356	1
22421	32267	1
22428	30965	1
22436	5329	1
22439	26570	1
22442	21404	1
22452	25482	1
22486	8075	1
22496	16701	1
22515	28672	1
22519	11335	1
22523	23856	1
22543	14432	1
22555	18909	1
22556	19183	1
22563	4094	1
22565	23847	1
22577	13628	1
22577	22062	1
22582	19536	1
22586	9034	1
22587	28018	1
22617	27925	1
22633	15434	1
22639	17753	1
22643	36164	1
22650	31298	1
22661	12158	1
22684	19088	1
22687	4415	1
22698	33319	1
22772	13814	1
22789	29591	1
22815	29054	1
22816	12443	1
22820	27357	1
22828	6210	1
22842	10599	1
22850	35975	1
22858	2589	1
22859	1645	1
22861	36641	1
22867	5652	1
22876	4873	1
22876	15746	1
22929	33568	1
22940	1580	1
22947	9102	1
22950	28292	1
22964	14523	1
22984	6948	1
22996	2594	1
23004	10182	1
23005	16476	1
23015	35207	1
23024	34176	1
23034	29390	1
23055	12272	1
23059	33198	1
23068	9999	1
23084	3979	1
23109	10592	1
23111	21017	1
23113	4792	1
23113	5178	1
23144	26023	1
23146	32668	1
23157	36074	1
23160	8181	1
23164	35173	1
23184	31300	1
23188	8753	1
23202	21405	1
23218	28025	1
23231	29234	1
23245	24771	1
23246	73	1
23255	4578	1
23258	23246	1
23261	14237	1
23297	36632	1
23300	10471	1
23317	13103	1
23324	34695	1
23364	30710	1
23409	25220	1
23443	21988	1
23457	28596	1
23460	22860	1
23486	32932	1
23510	24237	1
23536	12707	1
23583	14805	1
23592	11146	1
23601	1126	1
23612	5330	1
23619	9156	1
23634	34608	1
23637	2874	1
23650	1837	1
23669	33205	1
23677	24814	1
23686	18640	1
23697	16713	1
23702	7392	1
23703	33566	1
23749	27350	1
23755	12279	1
23779	32892	1
23781	30722	1
23788	6231	1
23793	5724	1
23797	8480	1
23814	12947	1
23818	848	1
23824	26990	1
23830	21437	1
23845	18147	1
23859	21645	1
23859	32954	1
23877	16867	1
23897	31555	1
23901	6971	1
23918	389	1
23920	34159	1
23924	22077	1
23939	10814	1
23974	10843	1
23999	26562	1
23999	26571	1
24007	3153	1
24012	30692	1
24027	5193	1
24038	21053	1
24045	23472	1
24048	17130	1
24051	30159	1
24068	12524	1
24099	14375	1
24122	23837	1
24144	25769	1
24152	14219	1
24160	21090	1
24162	18399	1
24170	21609	1
24192	5302	1
24193	23472	1
24196	20564	1
24206	5654	1
24222	16579	1
24235	34388	1
24246	25718	1
24249	7579	1
24251	33113	1
24269	34963	1
24280	34991	1
24283	5394	1
24304	10245	1
24304	21637	1
24334	19444	1
24336	32025	1
24392	23445	1
24415	32326	1
24427	10672	1
24435	1243	1
24444	34465	1
24452	3326	1
24457	20388	1
24477	18822	1
24479	9144	1
24519	17488	1
24522	29074	1
24537	5725	1
24539	23087	1
24541	33846	1
24544	5969	1
24556	29015	1
24557	30305	1
24572	21497	1
24580	22918	1
24583	35723	1
24637	23412	1
24638	13166	1
24661	18110	1
24665	24349	1
24684	12929	1
24685	29049	1
24688	30600	1
24703	36116	1
24720	15912	1
24741	2429	1
24745	29559	1
24746	18050	1
24753	2550	1
24763	36390	1
24777	2735	1
24783	2981	1
24785	21368	1
24794	20640	1
24806	26516	1
24807	32362	1
24815	30226	1
24815	36170	1
24818	30360	1
24827	12162	1
24843	14602	1
24850	25192	1
24866	26597	1
24870	19544	1
24883	18969	1
24883	20846	1
24893	93	1
24898	16591	1
24907	10444	1
24915	6837	1
24922	32936	1
24929	19110	1
24958	8010	1
24960	11427	1
24997	18432	1
25005	9382	1
25009	12634	1
25025	28121	1
25055	28727	1
25085	4808	1
25102	6743	1
25114	19661	1
25115	33816	1
25125	20645	1
25141	17661	1
25147	25580	1
25147	30117	1
25164	17011	1
25169	34792	1
25196	7056	1
25217	22869	1
25236	23721	1
25248	21527	1
25256	9875	1
25266	18433	1
25282	481	1
25294	8203	1
25296	11750	1
25297	6714	1
25304	12637	1
25306	23173	1
25314	12957	1
25326	10088	1
25347	27239	1
25355	10696	1
25357	33537	1
25371	2584	1
25374	5597	1
25394	10233	1
25395	31473	1
25396	21220	1
25408	12001	1
25412	1027	1
25437	367	1
25455	19107	1
25477	34115	1
25477	34809	1
25478	1320	1
25484	9500	1
25484	15798	1
25503	5944	1
25511	22348	1
25514	34546	1
25536	33890	1
25539	32797	1
25544	33633	1
25545	5181	1
25545	33227	1
25548	23396	1
25566	32259	1
25571	14262	1
25598	18125	1
25626	26971	1
25629	4166	1
25638	596	1
25645	35024	1
25672	18323	1
25673	18984	1
25674	4536	1
25674	29591	1
25681	18065	1
25704	26939	1
25712	10054	1
25749	13235	1
25749	20891	1
25752	3840	1
25752	25675	1
25753	1014	1
25765	4196	1
25772	31893	1
25775	3090	1
25779	7377	1
25784	297	1
25791	31464	1
25795	30269	1
25826	12496	1
25832	3466	1
25841	103	1
25851	36009	1
25864	29893	1
25867	11174	1
25877	10503	1
25880	33406	1
25882	25320	1
25883	21075	1
25894	24830	1
25920	35696	1
25928	30949	1
25930	8574	1
25944	29124	1
25948	11567	1
25969	15280	1
25980	22885	1
25986	32466	1
25991	34541	1
25994	11729	1
26008	27622	1
26021	29474	1
26023	27327	1
26028	36300	1
26032	19940	1
26046	32197	1
26065	12391	1
26069	18295	1
26071	8604	1
26071	34373	1
26090	26951	1
26092	24484	1
26094	34603	1
26106	17473	1
26108	16495	1
26124	18645	1
26131	23301	1
26141	33199	1
26149	15398	1
26151	35152	1
26158	12808	1
26180	16591	1
26186	31485	1
26196	5437	1
26198	3244	1
26203	12411	1
26206	1070	1
26217	14348	1
26218	1719	1
26218	14322	1
26240	32778	1
26253	15628	1
26265	11922	1
26288	31019	1
26290	19088	1
26291	35132	1
26310	1972	1
26325	28223	1
26342	29769	1
26349	8233	1
26365	34421	1
26367	29160	1
26371	27105	1
26378	3398	1
26379	12893	1
26415	6585	1
26440	9126	1
26451	2464	1
26458	17273	1
26467	10988	1
26477	16825	1
26479	28007	1
26509	15781	1
26511	26536	1
26521	15320	1
26522	7337	1
26524	29719	1
26539	27240	1
26557	5612	1
26577	17615	1
26586	13402	1
26591	34219	1
26592	34700	1
26613	25222	1
26617	3801	1
26617	5909	1
26673	16483	1
26674	18157	1
26689	3419	1
26707	30609	1
26715	12845	1
26735	13773	1
26737	21467	1
26739	9958	1
26755	17152	1
26758	6514	1
26764	15559	1
26784	12887	1
26786	13142	1
26802	8849	1
26812	8117	1
26812	29823	1
26816	11319	1
26836	2423	1
26892	21988	1
26919	9110	1
26926	9381	1
26931	14418	1
26963	29816	1
26977	16742	1
26983	8682	1
26997	13128	1
27007	26718	1
27013	24626	1
27018	14333	1
27027	2116	1
27028	36157	1
27042	18893	1
27065	7735	1
27082	25865	1
27116	16975	1
27122	23702	1
27155	26711	1
27159	3823	1
27166	1670	1
27175	30492	1
27200	35795	1
27212	1249	1
27216	14517	1
27218	28183	1
27221	2060	1
27224	11810	1
27232	30543	1
27235	33435	1
27239	28200	1
27242	9387	1
27250	18503	1
27251	29098	1
27257	5771	1
27257	8332	1
27271	10060	1
27273	12670	1
27280	5951	1
27294	22808	1
27298	2138	1
27302	1210	1
27343	25388	1
27373	18626	1
27377	29706	1
27383	24482	1
27398	34034	1
27402	15609	1
27413	20508	1
27448	30175	1
27456	8202	1
27466	3514	1
27472	34927	1
27474	21773	1
27482	6155	1
27492	36673	1
27542	1331	1
27557	4380	1
27558	17581	1
27571	20362	1
27574	1379	1
27576	412	1
27596	8983	1
27601	4757	1
27611	17840	1
27619	5706	1
27623	17890	1
27627	10223	1
27639	3589	1
27643	11888	1
27655	4086	1
27675	9405	1
27681	27479	1
27685	4187	1
27688	9626	1
27705	27256	1
27731	11182	1
27737	10033	1
27737	27571	1
27741	14614	1
27748	15785	1
27754	14971	1
27755	23230	1
27759	4266	1
27762	21342	1
27774	23938	1
27792	4129	1
27800	27634	1
27806	11985	1
27814	4575	1
27824	24683	1
27834	28632	1
27844	4465	1
27858	13993	1
27889	24246	1
27895	2081	1
27906	17100	1
27913	24780	1
27923	16001	1
27926	35735	1
27958	22641	1
27971	1884	1
27982	30949	1
28002	17404	1
28006	20992	1
28015	15320	1
28043	17261	1
28047	19850	1
28053	20095	1
28058	30524	1
28059	32369	1
28061	3004	1
28075	18772	1
28081	13023	1
28115	35114	1
28124	3834	1
28126	4639	1
28135	18551	1
28148	19225	1
28153	22886	1
28158	5411	1
28161	11198	1
28162	13596	1
28169	7504	1
28180	16647	1
28180	20242	1
28191	21072	1
28212	2106	1
28215	8005	1
28216	6321	1
28229	7798	1
28240	35910	1
28247	28416	1
28256	15813	1
28272	8232	1
28275	24646	1
28288	11101	1
28288	24509	1
28305	9157	1
28306	18704	1
28310	23063	1
28337	15333	1
28342	26189	1
28342	26239	1
28382	13192	1
28386	616	1
28386	22174	1
28398	12320	1
28399	26168	1
28417	33032	1
28435	6367	1
28440	25456	1
28452	33606	1
28468	1422	1
28475	17222	1
28488	15628	1
28507	13516	1
28519	16710	1
28539	35910	1
28540	5994	1
28544	3154	1
28549	21571	1
28560	24437	1
28562	31826	1
28581	17881	1
28607	29805	1
28610	29224	1
28611	13578	1
28613	25843	1
28619	19209	1
28631	267	1
28632	10752	1
28643	34355	1
28656	29901	1
28656	32686	1
28658	21447	1
28670	28713	1
28687	29842	1
28691	9235	1
28717	32476	1
28727	15584	1
28729	22652	1
28731	25211	1
28737	9389	1
28746	13161	1
28753	11426	1
28767	16392	1
28771	32311	1
28789	31271	1
28798	17422	1
28804	2447	1
28806	2672	1
28808	28463	1
28828	18231	1
28836	21481	1
28840	35973	1
28844	34099	1
28863	27482	1
28872	3694	1
28882	18325	1
28887	29308	1
28917	8977	1
28934	33167	1
28942	32041	1
28960	18358	1
28976	25499	1
28979	11532	1
28997	2257	1
28998	25531	1
28999	32870	1
29007	11778	1
29016	8824	1
29018	10306	1
29022	14987	1
29026	35306	1
29028	11271	1
29028	22938	1
29057	10048	1
29068	19923	1
29074	29448	1
29089	8514	1
29122	19601	1
29124	23962	1
29129	9211	1
29142	15765	1
29144	3540	1
29146	19592	1
29146	33884	1
29159	28480	1
29182	34802	1
29184	13225	1
29200	22987	1
29205	19513	1
29251	1925	1
29254	623	1
29289	23520	1
29305	16386	1
29332	26377	1
29333	14027	1
29345	11419	1
29348	11877	1
29352	14128	1
29359	18637	1
29363	33959	1
29366	15868	1
29393	8782	1
29404	10762	1
29422	7555	1
29437	25415	1
29438	5896	1
29451	5485	1
29458	20506	1
29470	34920	1
29473	31351	1
29474	18927	1
29486	24425	1
29513	7334	1
29515	20291	1
29529	33151	1
29530	19030	1
29562	20461	1
29589	27260	1
29593	5470	1
29596	20017	1
29623	25814	1
29625	3805	1
29642	25825	1
29649	7029	1
29667	21948	1
29696	16091	1
29709	26959	1
29710	27541	1
29722	25339	1
29738	14607	1
29747	23856	1
29767	6400	1
29779	12016	1
29779	23623	1
29796	21575	1
29796	31410	1
29800	34090	1
29806	23367	1
29833	15591	1
29848	4737	1
29860	33535	1
29862	35766	1
29864	29160	1
29888	10729	1
29897	13691	1
29899	35104	1
29900	23314	1
29904	21904	1
29911	25572	1
29912	24324	1
29936	32470	1
29941	36110	1
29943	7078	1
29944	25493	1
29945	7332	1
29965	21891	1
29975	31691	1
29983	22724	1
29986	2051	1
30005	7383	1
30010	6357	1
30011	17323	1
30018	2872	1
30023	17838	1
30038	27326	1
30047	26758	1
30092	27456	1
30097	19118	1
30115	3525	1
30118	7397	1
30148	25738	1
30154	11915	1
30162	26635	1
30167	8813	1
30169	19077	1
30176	33947	1
30183	765	1
30193	2705	1
30226	10355	1
30237	15097	1
30246	14503	1
30254	3456	1
30254	9736	1
30267	36207	1
30279	20892	1
30287	28355	1
30290	26154	1
30299	23551	1
30315	15567	1
30317	35688	1
30326	31580	1
30327	33236	1
30330	25645	1
30334	16488	1
30334	19024	1
30354	2418	1
30354	22200	1
30366	28494	1
30379	25545	1
30388	8093	1
30391	6625	1
30397	6656	1
30410	16218	1
30416	13317	1
30416	35372	1
30430	16392	1
30439	28930	1
30441	31702	1
30450	2837	1
30456	9001	1
30459	33931	1
30464	21775	1
30467	3015	1
30473	27536	1
30474	30246	1
30484	6103	1
30490	19989	1
30491	34116	1
30547	7292	1
30566	17646	1
30576	9508	1
30589	16826	1
30595	16419	1
30603	15043	1
30605	22992	1
30607	26234	1
30610	9877	1
30621	6200	1
30628	8206	1
30642	9463	1
30654	17083	1
30662	8307	1
30674	34228	1
30698	10051	1
30718	35049	1
30729	34984	1
30737	18767	1
30764	13749	1
30796	14714	1
30829	29391	1
30832	1645	1
30839	11228	1
30849	7808	1
30861	31422	1
30874	5780	1
30931	28934	1
30956	30566	1
30961	24772	1
30970	31115	1
30987	12783	1
30989	8364	1
31011	8838	1
31014	12373	1
31027	36329	1
31030	22099	1
31064	3959	1
31085	19309	1
31096	31551	1
31113	31953	1
31120	25880	1
31126	26169	1
31128	16398	1
31140	35577	1
31146	28585	1
31148	31726	1
31149	500	1
31154	2833	1
31159	12711	1
31167	19869	1
31188	7713	1
31191	32226	1
31194	28318	1
31205	29264	1
31207	15426	1
31208	251	1
31208	4816	1
31212	23004	1
31214	11600	1
31222	19354	1
31284	31574	1
31288	2277	1
31301	31219	1
31303	9258	1
31330	21617	1
31334	24824	1
31336	4549	1
31336	8208	1
31350	26652	1
31351	17865	1
31356	24590	1
31357	7321	1
31360	2917	1
31374	12393	1
31382	25298	1
31397	15763	1
31406	26910	1
31414	27079	1
31417	22750	1
31445	22748	1
31447	33731	1
31452	4985	1
31453	27123	1
31454	21977	1
31474	4157	1
31486	5033	1
31486	33786	1
31497	11020	1
31519	27714	1
31520	35315	1
31521	18833	1
31536	305	1
31562	27190	1
31568	17752	1
31571	3795	1
31583	3168	1
31585	18719	1
31589	16174	1
31593	25213	1
31603	3300	1
31604	35621	1
31615	17712	1
31662	33413	1
31677	18779	1
31686	5854	1
31694	35797	1
31712	16185	1
31737	21572	1
31738	35498	1
31747	5029	1
31760	36114	1
31783	12385	1
31797	8752	1
31811	729	1
31841	36672	1
31842	32360	1
31851	4124	1
31873	29626	1
31884	4954	1
31885	9054	1
31900	11318	1
31901	35478	1
31903	14155	1
31906	28254	1
31918	3747	1
31930	15072	1
31942	28290	1
31949	24036	1
31953	24845	1
31961	5671	1
31976	28396	1
31979	7780	1
31980	7227	1
31991	27958	1
31994	35681	1
32003	23394	1
32014	15965	1
32015	26941	1
32020	31252	1
32023	32485	1
32025	24497	1
32039	24359	1
32049	10427	1
32069	31409	1
32101	34858	1
32106	34475	1
32109	26170	1
32111	28770	1
32131	26578	1
32138	16	1
32150	31810	1
32155	21912	1
32168	35761	1
32171	26526	1
32181	4308	1
32182	2814	1
32187	18241	1
32189	3378	1
32196	27249	1
32197	7653	1
32197	33829	1
32211	1356	1
32214	28840	1
32216	15980	1
32232	26044	1
32244	3635	1
32245	28415	1
32253	3204	1
32256	21494	1
32261	16833	1
32265	8169	1
32267	20148	1
32294	14513	1
32304	26388	1
32328	4104	1
32362	25407	1
32370	11503	1
32371	33026	1
32395	1070	1
32402	34454	1
32430	16610	1
32434	2570	1
32435	16862	1
32468	17524	1
32469	19361	1
32474	53	1
32492	20596	1
32502	12263	1
32502	14651	1
32520	15355	1
32528	31681	1
32535	35315	1
32546	2347	1
32550	29698	1
32575	16468	1
32599	17868	1
32674	1634	1
32690	25724	1
32694	2888	1
32709	27513	1
32722	35061	1
32741	13397	1
32742	24882	1
32753	31665	1
32758	20079	1
32778	17342	1
32785	32427	1
32795	2173	1
32804	27945	1
32810	30878	1
32824	14822	1
32826	26783	1
32834	35778	1
32847	18261	1
32879	5806	1
32893	19341	1
32899	21712	1
32913	25866	1
32915	35498	1
32928	22247	1
32931	16506	1
32936	10719	1
32952	23529	1
32962	15302	1
32969	31958	1
32982	22986	1
32999	27038	1
33018	4378	1
33020	3076	1
33063	16330	1
33092	13299	1
33094	18039	1
33127	24766	1
33130	18169	1
33133	7586	1
33135	3104	1
33135	11734	1
33145	11714	1
33146	4153	1
33159	5976	1
33161	9880	1
33168	22602	1
33192	24750	1
33218	10027	1
33219	11499	1
33224	27971	1
33238	5791	1
33238	6014	1
33245	6038	1
33267	11017	1
33289	25862	1
33289	26266	1
33294	215	1
33309	35258	1
33316	4031	1
33342	1823	1
33344	8576	1
33390	14424	1
33396	13035	1
33404	25932	1
33422	15309	1
33422	21833	1
33425	20037	1
33435	9840	1
33437	27983	1
33444	30745	1
33448	31298	1
33459	10554	1
33465	7163	1
33480	14615	1
33485	1850	1
33486	434	1
33491	1168	1
33494	20515	1
33498	14679	1
33540	24381	1
33560	22103	1
33569	9756	1
33574	35659	1
33579	32243	1
33579	34615	1
33580	836	1
33587	24746	1
33590	18863	1
33593	8619	1
33596	21982	1
33598	15253	1
33637	17948	1
33663	22226	1
33665	11086	1
33686	10438	1
33692	11704	1
33706	23597	1
33712	7395	1
33723	18871	1
33737	30096	1
33743	17335	1
33767	33098	1
33782	19834	1
33784	23231	1
33809	29431	1
33815	28911	1
33824	15005	1
33843	31725	1
33847	30320	1
33850	18199	1
33852	23955	1
33855	10334	1
33863	16180	1
33873	11587	1
33877	16489	1
33878	3694	1
33901	36371	1
33904	19645	1
33909	16688	1
33910	5008	1
33911	34321	1
33924	10307	1
33932	4220	1
33934	18291	1
33953	22958	1
33956	1679	1
33956	27543	1
33956	35270	1
33969	20692	1
33970	5110	1
33972	12593	1
33982	18854	1
34000	24380	1
34001	3119	1
34030	9334	1
34100	2733	1
34100	25999	1
34104	25980	1
34111	23775	1
34113	11124	1
34118	5717	1
34133	3367	1
34141	6638	1
34156	21761	1
34221	19625	1
34231	36415	1
34246	21022	1
34270	25881	1
34282	25158	1
34297	35766	1
34307	2026	1
34307	35602	1
34316	27376	1
34322	6152	1
34327	11920	1
34349	11277	1
34378	33445	1
34406	29251	1
34413	23408	1
34425	3078	1
34436	11515	1
34443	17432	1
34460	23936	1
34461	4778	1
34467	2108	1
34470	8611	1
34476	36608	1
34479	1202	1
34507	9637	1
34514	5110	1
34523	13805	1
34529	15936	1
34546	5848	1
34552	7102	1
34563	36321	1
34572	19995	1
34586	12825	1
34600	25733	1
34622	34851	1
34643	7096	1
34700	31098	1
34701	12661	1
34708	12801	1
34718	5561	1
34736	8730	1
34755	11880	1
34774	6765	1
34783	27130	1
34785	1993	1
34787	28101	1
34806	197	1
34842	17035	1
34850	10396	1
34852	32687	1
34862	34893	1
34879	15209	1
34881	35257	1
34888	5736	1
34891	12879	1
34891	23722	1
34915	30805	1
34920	26893	1
34921	28600	1
34924	25065	1
34925	13776	1
34959	25378	1
34975	32962	1
34989	32145	1
35030	20910	1
35037	18079	1
35039	12511	1
35055	10339	1
35055	29886	1
35060	26401	1
35093	16014	1
35114	15051	1
35136	25183	1
35141	17658	1
35148	20834	1
35163	8183	1
35172	20166	1
35179	6315	1
35190	8920	1
35213	32395	1
35224	1987	1
35226	35574	1
35237	17777	1
35237	19203	1
35247	6076	1
35260	35240	1
35277	2991	1
35308	33104	1
35315	9999	1
35320	44	1
35320	23550	1
35321	19133	1
35327	8148	1
35328	15864	1
35335	16875	1
35353	32158	1
35357	19002	1
35411	3201	1
35413	12029	1
35437	35010	1
35450	18616	1
35459	27676	1
35505	35771	1
35508	34581	1
35510	9452	1
35511	2653	1
35511	31052	1
35535	35095	1
35564	27176	1
35582	9583	1
35587	32394	1
35590	2691	1
35590	17755	1
35622	21368	1
35639	901	1
35641	13917	1
35653	20341	1
35655	25661	1
35669	3862	1
35679	3625	1
35700	4967	1
35708	33834	1
35717	7651	1
35726	21635	1
35728	36521	1
35731	17787	1
35732	24466	1
35738	21074	1
35740	3256	1
35741	14594	1
35745	22134	1
35763	17468	1
35782	20416	1
35792	33394	1
35793	26607	1
35799	22862	1
35803	31227	1
35814	19783	1
35839	10411	1
35842	30150	1
35858	2659	1
35871	28641	1
35885	33857	1
35893	18188	1
35910	36210	1
35930	34361	1
35958	1015	1
35964	16765	1
35996	29343	1
36009	11169	1
36012	26042	1
36018	11746	1
36030	6134	1
36043	22599	1
36065	12742	1
36079	20923	1
36080	29782	1
36097	10917	1
36101	5871	1
36104	24286	1
36135	33379	1
36137	6324	1
36140	25040	1
36143	12656	1
36154	19893	1
36155	15124	1
36156	18085	1
36160	30137	1
36182	3681	1
36192	5121	1
36214	27775	1
36228	28615	1
36238	4518	1
36242	13069	1
36259	31865	1
36262	33559	1
36273	16415	1
36280	4524	1
36281	34612	1
36284	28427	1
36290	15295	1
36292	11665	1
36341	25249	1
36350	19824	1
36356	26738	1
36357	32457	1
36361	6700	1
36362	20649	1
36363	16602	1
36370	22407	1
36374	10904	1
36379	16506	1
36396	36329	1
36406	24360	1
36407	24938	1
36415	30381	1
36416	21881	1
36427	28426	1
36441	3303	1
36447	23596	1
36456	2643	1
36481	1405	1
36521	4731	1
36539	9	1
36542	16234	1
36542	24467	1
36543	11386	1
36557	30007	1
36565	25931	1
36573	16557	1
36598	19567	1
36599	9403	1
36601	22994	1
36606	25571	1
36610	10953	1
36610	22597	1
36638	33178	1
36648	12128	1
36678	14905	1
36687	30944	1
36690	28850	1
