30	9788	1
44	31618	1
50	8488	1
90	13073	1
120	29060	1
122	16938	1
152	29750	1
153	21985	1
153	26281	1
162	9288	1
188	22385	1
192	22951	1
195	19034	1
214	28898	1
216	4841	1
220	25296	1
222	35092	1
236	22040	1
262	7184	1
269	11475	1
270	11436	1
287	35876	1
293	1512	1
313	35755	1
317	18131	1
321	6380	1
328	23975	1
328	28563	1
342	34352	1
360	3993	1
361	3112	1
361	17404	1
363	20246	1
379	25335	1
390	33866	1
409	32323	1
413	14637	1
415	10434	1
419	5442	1
421	25350	1
458	11228	1
461	6009	1
468	17098	1
472	24321	1
480	5613	1
523	25286	1
525	34772	1
542	8234	1
551	35143	1
605	3513	1
606	15550	1
622	24211	1
632	26812	1
637	13521	1
640	28024	1
644	15088	1
658	36459	1
659	11045	1
678	33991	1
684	6233	1
690	36482	1
721	36127	1
723	262	1
723	24230	1
738	31570	1
754	21339	1
758	18641	1
771	20747	1
776	4612	1
778	3932	1
780	6511	1
796	28236	1
803	32709	1
807	11105	1
812	29965	1
827	35166	1
828	25306	1
834	3306	1
835	20345	1
846	12951	1
864	1714	1
881	4113	1
884	25212	1
886	35259	1
896	8846	1
909	15137	1
910	29447	1
914	27633	1
924	33596	1
930	234	1
935	27095	1
946	2422	1
952	14964	1
966	32770	1
978	266	1
978	2793	1
988	16124	1
990	17842	1
1003	18881	1
1032	9117	1
1035	34527	1
1065	18980	1
1071	5758	1
1077	24861	1
1079	26687	1
1081	16523	1
1089	17655	1
1094	25812	1
1098	28777	1
1100	12236	1
1103	11916	1
1110	21630	1
1115	31101	1
1125	20402	1
1128	18604	1
1134	32186	1
1143	7286	1
1156	29276	1
1156	31395	1
1173	7795	1
1185	8848	1
1187	35140	1
1194	19350	1
1198	7366	1
1198	19869	1
1203	30281	1
1234	7205	1
1246	10660	1
1257	31235	1
1273	29776	1
1292	30	1
1302	16384	1
1310	33647	1
1319	29574	1
1326	16468	1
1330	33670	1
1336	21287	1
1353	31852	1
1358	9286	1
1382	32499	1
1401	6791	1
1406	35121	1
1407	24557	1
1425	32471	1
1426	35453	1
1468	2826	1
1476	9121	1
1477	32889	1
1478	1441	1
1510	884	1
1521	17977	1
1521	35671	1
1527	12749	1
1535	9291	1
1539	7078	1
1552	17817	1
1564	25781	1
1568	24807	1
1587	4864	1
1588	17397	1
1593	27348	1
1605	21296	1
1612	6094	1
1614	6534	1
1614	12288	1
1616	2047	1
1638	30285	1
1646	25103	1
1650	13620	1
1652	22920	1
1657	20944	1
1660	14126	1
1685	23992	1
1699	6136	1
1712	1819	1
1742	4277	1
1745	35782	1
1751	12422	1
1776	3062	1
1780	16945	1
1780	24041	1
1780	35260	1
1800	13743	1
1810	8826	1
1811	13898	1
1817	29028	1
1836	7859	1
1839	35324	1
1843	19294	1
1872	3775	1
1873	32385	1
1875	20042	1
1883	12420	1
1897	31818	1
1902	29290	1
1917	27886	1
1925	30266	1
1945	34923	1
1948	34345	1
1966	23833	1
1967	12956	1
1978	18679	1
2032	35057	1
2050	18617	1
2058	27441	1
2065	5471	1
2070	8927	1
2097	26823	1
2098	20232	1
2098	22976	1
2098	25108	1
2105	28735	1
2114	1387	1
2119	295	1
2129	17051	1
2132	25399	1
2149	2911	1
2152	7050	1
2159	7279	1
2174	10289	1
2177	33660	1
2204	3724	1
2243	10023	1
2249	18728	1
2260	32181	1
2264	23702	1
2267	27308	1
2285	22612	1
2292	4559	1
2320	5147	1
2358	11191	1
2375	10211	1
2377	14164	1
2389	29627	1
2390	32492	1
2398	27789	1
2401	14876	1
2404	4683	1
2417	24621	1
2419	28884	1
2423	1913	1
2423	24783	1
2424	31318	1
2432	20014	1
2433	18257	1
2461	35496	1
2463	4311	1
2472	36260	1
2478	8900	1
2482	30072	1
2499	6238	1
2510	6633	1
2533	13271	1
2539	23061	1
2555	16166	1
2563	6536	1
2573	26896	1
2589	3042	1
2601	12240	1
2606	13696	1
2607	33617	1
2610	7158	1
2616	1805	1
2631	29149	1
2640	29136	1
2648	13263	1
2650	2848	1
2654	2290	1
2661	3438	1
2675	3057	1
2695	15414	1
2698	12800	1
2734	20693	1
2738	25614	1
2741	18561	1
2743	29364	1
2757	10860	1
2774	9506	1
2789	2492	1
2791	35580	1
2807	4536	1
2830	28654	1
2843	8486	1
2860	7729	1
2902	31687	1
2919	9296	1
2927	18404	1
2929	10921	1
2934	34171	1
2935	10439	1
2940	23687	1
2955	12617	1
2959	17068	1
2964	1188	1
2992	32756	1
2997	12333	1
2998	553	1
3000	35884	1
3010	21505	1
3016	15186	1
3023	9118	1
3045	24056	1
3064	34369	1
3068	16330	1
3098	34605	1
3128	22032	1
3139	16249	1
3143	20270	1
3157	1936	1
3167	368	1
3194	27023	1
3206	13289	1
3212	1683	1
3213	20678	1
3242	23589	1
3245	26593	1
3250	18361	1
3264	25684	1
3295	33976	1
3299	21291	1
3313	13253	1
3314	22414	1
3356	5919	1
3363	5248	1
3364	17926	1
3378	7268	1
3378	21461	1
3380	20470	1
3402	3232	1
3412	27609	1
3430	14747	1
3447	9075	1
3451	555	1
3456	10881	1
3457	12440	1
3469	34895	1
3471	31291	1
3475	26417	1
3510	19917	1
3511	15065	1
3523	3624	1
3543	29088	1
3556	26835	1
3560	34885	1
3564	14113	1
3567	26162	1
3587	11133	1
3588	23293	1
3616	10946	1
3621	1283	1
3642	13769	1
3651	27646	1
3652	6836	1
3664	4141	1
3668	30664	1
3694	34693	1
3701	27796	1
3705	29905	1
3709	29195	1
3721	3664	1
3737	30644	1
3741	6618	1
3764	15471	1
3781	21480	1
3799	6172	1
3805	29055	1
3813	32896	1
3817	15416	1
3820	35106	1
3835	11710	1
3842	23969	1
3843	20969	1
3845	12584	1
3848	28164	1
3856	29409	1
3863	9599	1
3868	17484	1
3879	638	1
3893	3219	1
3899	146	1
3902	29094	1
3903	32536	1
3905	83	1
3909	31132	1
3917	31856	1
3929	12828	1
3932	2699	1
3933	4702	1
3948	34842	1
3949	35056	1
3958	3502	1
3960	32819	1
3965	14770	1
3966	6813	1
3967	15380	1
3969	5057	1
3971	35263	1
3973	1981	1
3989	12974	1
3989	18251	1
3991	26157	1
4001	9982	1
4041	23108	1
4052	939	1
4052	2733	1
4065	34663	1
4071	13666	1
4088	13234	1
4092	21991	1
4116	31632	1
4171	31192	1
4174	12634	1
4174	33906	1
4222	27393	1
4227	11367	1
4243	17078	1
4245	19589	1
4288	10362	1
4310	28881	1
4311	17338	1
4317	12030	1
4338	32500	1
4371	18909	1
4389	4535	1
4405	11548	1
4408	22260	1
4416	23486	1
4429	8976	1
4432	17342	1
4446	36502	1
4457	19979	1
4472	18252	1
4474	16663	1
4484	29879	1
4490	13918	1
4504	25098	1
4511	3818	1
4512	24224	1
4524	20971	1
4528	35070	1
4529	25668	1
4544	23335	1
4551	21307	1
4575	21785	1
4593	7752	1
4596	8659	1
4602	13494	1
4608	5546	1
4608	33302	1
4620	36436	1
4647	9242	1
4657	398	1
4663	23138	1
4671	31439	1
4682	8671	1
4685	5390	1
4689	2460	1
4702	25614	1
4707	26969	1
4716	28872	1
4735	19287	1
4787	20144	1
4809	31657	1
4821	27450	1
4824	2811	1
4830	23351	1
4840	19934	1
4853	29770	1
4858	15681	1
4871	18746	1
4886	17231	1
4892	11332	1
4895	28900	1
4932	28610	1
4948	20611	1
4957	25397	1
4970	1803	1
4974	32549	1
4982	23062	1
4996	5458	1
5003	621	1
5003	20164	1
5005	252	1
5014	31805	1
5021	32536	1
5029	21053	1
5034	11237	1
5037	5586	1
5037	18442	1
5073	8113	1
5080	23457	1
5120	10975	1
5135	31507	1
5145	31555	1
5185	21376	1
5208	35112	1
5221	8193	1
5224	34928	1
5250	10541	1
5287	22173	1
5291	12725	1
5294	13632	1
5294	22572	1
5299	64	1
5300	1703	1
5307	36366	1
5308	29675	1
5333	34197	1
5336	1625	1
5342	34392	1
5344	15569	1
5346	297	1
5369	24418	1
5379	21194	1
5380	26234	1
5381	18503	1
5386	35304	1
5399	5881	1
5404	4774	1
5404	36558	1
5413	10987	1
5420	11705	1
5444	22281	1
5460	12586	1
5469	23634	1
5474	25828	1
5481	18974	1
5487	35202	1
5490	16064	1
5534	31294	1
5552	32922	1
5555	6918	1
5563	36332	1
5572	25926	1
5586	15959	1
5587	30994	1
5588	22259	1
5592	26454	1
5600	14569	1
5605	36034	1
5608	10768	1
5628	19297	1
5669	21292	1
5686	8626	1
5700	2891	1
5722	36366	1
5733	13808	1
5741	27976	1
5763	33082	1
5768	31858	1
5772	1770	1
5778	8477	1
5784	32467	1
5812	14215	1
5820	26693	1
5830	3608	1
5830	27143	1
5840	20559	1
5856	21272	1
5893	36099	1
5912	3297	1
5931	10673	1
5931	23281	1
5937	9478	1
5939	7880	1
5951	13747	1
5953	16818	1
5960	27977	1
5961	28847	1
5962	11311	1
5989	13076	1
5994	11530	1
6020	5512	1
6024	26977	1
6028	437	1
6030	35735	1
6042	5813	1
6044	4795	1
6044	29976	1
6050	28296	1
6075	15777	1
6082	6057	1
6094	16027	1
6102	15316	1
6118	33105	1
6123	17827	1
6153	14627	1
6155	1346	1
6155	34389	1
6161	23097	1
6161	29764	1
6164	10875	1
6165	5941	1
6166	4425	1
6181	5699	1
6204	25941	1
6205	5535	1
6206	35	1
6215	21104	1
6215	33774	1
6230	17055	1
6246	19928	1
6251	4652	1
6269	22589	1
6288	2601	1
6299	5700	1
6309	6006	1
6317	19350	1
6329	35160	1
6340	3380	1
6344	27643	1
6349	29874	1
6355	14642	1
6358	3798	1
6377	29449	1
6396	8758	1
6419	11953	1
6431	5122	1
6439	8364	1
6439	32729	1
6452	10981	1
6452	22799	1
6462	31087	1
6478	10140	1
6489	28256	1
6501	7583	1
6514	2589	1
6565	6867	1
6576	18566	1
6598	28597	1
6641	27433	1
6669	14400	1
6675	1127	1
6681	20754	1
6689	101	1
6691	27704	1
6706	32029	1
6715	36184	1
6716	5043	1
6732	27601	1
6735	12568	1
6760	20668	1
6768	34897	1
6796	18847	1
6814	11015	1
6815	19149	1
6817	27254	1
6819	12112	1
6833	3439	1
6867	30463	1
6871	18221	1
6874	28181	1
6912	28118	1
6923	6522	1
6944	30504	1
6974	2474	1
6974	26838	1
6986	8509	1
7006	22362	1
7042	13291	1
7061	6999	1
7068	4673	1
7068	23544	1
7102	25128	1
7108	7918	1
7124	17209	1
7142	4204	1
7172	24803	1
7191	14648	1
7193	13389	1
7199	11351	1
7201	28603	1
7202	13070	1
7211	5562	1
7238	22147	1
7241	24507	1
7245	21961	1
7275	21402	1
7287	21981	1
7298	24860	1
7306	9658	1
7319	33735	1
7350	29548	1
7360	7853	1
7369	32779	1
7389	14001	1
7439	12818	1
7443	17845	1
7446	34959	1
7462	9052	1
7488	5724	1
7488	28377	1
7493	36284	1
7498	20280	1
7503	18665	1
7508	15204	1
7512	32533	1
7517	24782	1
7555	26066	1
7557	18611	1
7558	11888	1
7558	18751	1
7563	18088	1
7567	14748	1
7575	22639	1
7580	34998	1
7596	16048	1
7607	35650	1
7609	30087	1
7625	11542	1
7634	8343	1
7636	28408	1
7638	17698	1
7638	24016	1
7648	31908	1
7668	20609	1
7674	28452	1
7685	3394	1
7699	30781	1
7717	34442	1
7728	31474	1
7738	28579	1
7746	10302	1
7750	9004	1
7761	6342	1
7767	27565	1
7778	26316	1
7788	26761	1
7801	674	1
7826	26805	1
7840	34111	1
7842	1512	1
7845	23847	1
7884	21135	1
7889	23	1
7903	28459	1
7907	4439	1
7910	32189	1
7928	31590	1
7934	28843	1
7964	4411	1
7975	24163	1
7976	28218	1
7981	7151	1
7984	10701	1
7994	82	1
8013	23493	1
8042	2572	1
8049	12200	1
8055	35234	1
8068	14626	1
8097	4883	1
8124	19027	1
8127	32979	1
8138	23875	1
8140	10435	1
8142	13020	1
8147	26826	1
8151	4719	1
8163	28419	1
8166	30854	1
8169	11851	1
8180	14062	1
8181	16542	1
8189	29972	1
8198	14570	1
8218	19575	1
8224	22951	1
8226	24537	1
8234	11719	1
8242	13177	1
8267	3420	1
8269	9710	1
8271	11108	1
8275	35338	1
8276	18464	1
8277	14395	1
8289	11336	1
8308	18818	1
8313	25659	1
8337	547	1
8337	16030	1
8351	24651	1
8355	9921	1
8397	25954	1
8406	7089	1
8412	21105	1
8439	32217	1
8468	12858	1
8505	20360	1
8509	12329	1
8530	33834	1
8532	28956	1
8539	21137	1
8555	23385	1
8571	22377	1
8575	10867	1
8590	17011	1
8600	6466	1
8610	15866	1
8615	5524	1
8619	11648	1
8621	9485	1
8674	13353	1
8715	11417	1
8725	19506	1
8736	9746	1
8739	20148	1
8745	33675	1
8760	8668	1
8792	31424	1
8805	32909	1
8811	11591	1
8816	17617	1
8821	21029	1
8826	33531	1
8829	11544	1
8832	32246	1
8851	30599	1
8852	22195	1
8858	16167	1
8895	32894	1
8902	10760	1
8923	20363	1
8926	31623	1
8932	2539	1
8936	340	1
8941	6320	1
8970	6534	1
8973	7570	1
8998	25330	1
8998	28892	1
9012	9816	1
9032	3668	1
9035	8402	1
9036	31522	1
9051	26333	1
9070	36271	1
9071	2201	1
9080	14552	1
9090	34322	1
9099	26608	1
9104	3354	1
9104	18587	1
9121	26299	1
9159	21277	1
9161	737	1
9173	28869	1
9183	9035	1
9213	3441	1
9215	32001	1
9242	12107	1
9286	22879	1
9291	55	1
9294	13529	1
9294	22367	1
9308	27483	1
9309	33950	1
9346	11751	1
9357	10558	1
9373	15471	1
9378	32575	1
9386	26780	1
9421	30823	1
9425	1679	1
9438	7695	1
9462	16005	1
9467	12099	1
9474	22692	1
9491	10722	1
9494	18505	1
9517	33318	1
9518	20490	1
9537	22235	1
9555	506	1
9564	614	1
9598	23223	1
9617	27449	1
9627	1830	1
9634	2565	1
9647	17614	1
9655	8261	1
9666	29531	1
9666	30458	1
9667	26824	1
9699	7493	1
9700	8460	1
9705	26892	1
9733	34624	1
9747	29471	1
9748	33188	1
9782	22610	1
9782	31312	1
9790	1114	1
9799	2940	1
9849	13309	1
9885	8479	1
9901	16682	1
9903	13237	1
9910	6351	1
9910	25006	1
9922	20652	1
9926	12162	1
9933	35355	1
9943	3581	1
9952	8624	1
9960	31000	1
9967	33516	1
9983	30958	1
9990	34908	1
9994	986	1
10024	13700	1
10044	24992	1
10092	32078	1
10101	20636	1
10122	10416	1
10132	28464	1
10158	23564	1
10166	12272	1
10169	27986	1
10182	3679	1
10185	22514	1
10188	22579	1
10197	9573	1
10202	1207	1
10247	33483	1
10257	4756	1
10314	4096	1
10317	35119	1
10326	4286	1
10327	34390	1
10328	720	1
10350	16707	1
10371	20853	1
10377	3758	1
10386	282	1
10390	14242	1
10432	6386	1
10436	32319	1
10439	22555	1
10474	27371	1
10487	4657	1
10494	9686	1
10498	28827	1
10504	34702	1
10519	3530	1
10544	25366	1
10547	22219	1
10557	26951	1
10563	1984	1
10568	29880	1
10578	9391	1
10579	22953	1
10589	20538	1
10590	3135	1
10596	6043	1
10611	24375	1
10618	30686	1
10623	12401	1
10646	18026	1
10647	25415	1
10652	32743	1
10667	29007	1
10675	15067	1
10691	30418	1
10694	2061	1
10706	11949	1
10709	14650	1
10713	14984	1
10718	6655	1
10729	31230	1
10751	33505	1
10754	34795	1
10769	32749	1
10770	31174	1
10790	8752	1
10807	21600	1
10810	26943	1
10819	14420	1
10821	17872	1
10826	28165	1
10842	33004	1
10846	19133	1
10847	3625	1
10852	25009	1
10855	4883	1
10861	22535	1
10865	12492	1
10871	21066	1
10879	30026	1
10911	7581	1
10925	5188	1
10940	30135	1
10944	9947	1
10977	19259	1
10978	12760	1
10978	21214	1
10983	5480	1
10988	5174	1
11010	30426	1
11014	23609	1
11017	4065	1
11020	21026	1
11033	13747	1
11036	25721	1
11042	17507	1
11045	30170	1
11046	22513	1
11065	7623	1
11080	8833	1
11115	19769	1
11137	36069	1
11167	31502	1
11195	5703	1
11205	2920	1
11237	32736	1
11244	15037	1
11251	34563	1
11262	12510	1
11270	35800	1
11280	19573	1
11281	25059	1
11309	6339	1
11328	7633	1
11338	33948	1
11376	26372	1
11387	19951	1
11390	17146	1
11398	11413	1
11407	17360	1
11447	10637	1
11454	34841	1
11478	26796	1
11479	19274	1
11491	2284	1
11502	2891	1
11503	18174	1
11508	7335	1
11521	34850	1
11526	5185	1
11547	366	1
11547	16417	1
11559	32984	1
11565	21506	1
11567	32873	1
11606	33184	1
11622	9447	1
11628	5346	1
11633	32779	1
11636	11561	1
11636	30872	1
11646	20360	1
11652	23027	1
11666	2508	1
11666	22952	1
11684	4108	1
11685	36391	1
11689	14968	1
11699	33295	1
11715	3356	1
11718	7837	1
11719	35349	1
11743	36392	1
11756	21134	1
11816	1334	1
11821	18539	1
11841	3897	1
11848	4010	1
11853	6328	1
11864	9433	1
11872	19767	1
11879	22288	1
11883	35349	1
11887	24500	1
11897	19548	1
11941	24956	1
11947	26084	1
11957	18797	1
11961	11680	1
11969	18837	1
11970	8123	1
11979	27682	1
11984	22606	1
11991	6008	1
12008	444	1
12013	32430	1
12021	20159	1
12055	21233	1
12060	7620	1
12078	33702	1
12091	21193	1
12098	32386	1
12104	27848	1
12150	32374	1
12170	3177	1
12177	27590	1
12226	17498	1
12239	6299	1
12251	2617	1
12251	29684	1
12264	19072	1
12264	21956	1
12277	32503	1
12304	2477	1
12314	6082	1
12325	25583	1
12353	35098	1
12361	7344	1
12368	8850	1
12371	36465	1
12386	33706	1
12387	4341	1
12398	9333	1
12402	24721	1
12407	21336	1
12430	18160	1
12463	14185	1
12466	19012	1
12478	22613	1
12483	18263	1
12506	9994	1
12556	24043	1
12558	2138	1
12559	36577	1
12582	29250	1
12586	17580	1
12596	13673	1
12625	27781	1
12627	28016	1
12636	12765	1
12637	11462	1
12638	14390	1
12667	15306	1
12679	8789	1
12686	15488	1
12688	33559	1
12692	4054	1
12717	24115	1
12726	17218	1
12728	10370	1
12733	30323	1
12740	13606	1
12741	16608	1
12748	25327	1
12776	4270	1
12785	8022	1
12794	15077	1
12803	11251	1
12819	30193	1
12821	13961	1
12834	24171	1
12839	36187	1
12843	2573	1
12848	22799	1
12883	5440	1
12902	36350	1
12910	35497	1
12915	3486	1
12925	15973	1
12957	26425	1
12966	16055	1
13006	10539	1
13006	26034	1
13017	17227	1
13027	27347	1
13030	10372	1
13049	13036	1
13067	31167	1
13072	20856	1
13072	23427	1
13079	35122	1
13087	18498	1
13093	35565	1
13094	241	1
13095	23965	1
13100	28469	1
13106	32112	1
13121	21020	1
13123	16278	1
13135	33639	1
13136	34165	1
13139	28063	1
13154	10586	1
13167	19321	1
13172	20102	1
13178	3133	1
13178	25476	1
13216	16779	1
13236	2642	1
13252	34194	1
13257	31585	1
13260	21720	1
13268	9389	1
13272	14061	1
13273	23735	1
13288	4941	1
13288	10993	1
13289	7568	1
13302	817	1
13316	3461	1
13333	25905	1
13347	28096	1
13362	27707	1
13377	3261	1
13399	8882	1
13400	7513	1
13412	23623	1
13433	29424	1
13435	10728	1
13440	36407	1
13440	36570	1
13463	17833	1
13483	14502	1
13505	2674	1
13509	25286	1
13510	28437	1
13521	15117	1
13552	8711	1
13559	6467	1
13563	5221	1
13567	19228	1
13573	30647	1
13588	10927	1
13588	12680	1
13593	35616	1
13622	20725	1
13629	21860	1
13640	26193	1
13665	27854	1
13672	26373	1
13673	11160	1
13675	24159	1
13689	35171	1
13713	27216	1
13739	11866	1
13790	35998	1
13819	5998	1
13828	33989	1
13833	3853	1
13855	35857	1
13895	9638	1
13919	29350	1
13928	14407	1
13930	26193	1
13959	30879	1
13966	5751	1
13974	26448	1
13977	36136	1
14008	26943	1
14015	16371	1
14039	9161	1
14056	35467	1
14078	147	1
14084	12663	1
14085	16870	1
14124	5867	1
14127	34534	1
14127	35773	1
14131	20676	1
14163	27134	1
14170	33542	1
14170	35492	1
14195	28685	1
14206	24379	1
14218	17306	1
14218	32220	1
14231	20189	1
14237	35860	1
14239	2238	1
14239	26949	1
14275	19634	1
14292	22728	1
14304	22401	1
14309	34941	1
14310	10846	1
14328	27319	1
14334	33636	1
14349	33249	1
14354	24734	1
14371	6341	1
14394	21516	1
14401	3731	1
14401	9138	1
14417	3442	1
14422	19130	1
14437	34816	1
14438	22811	1
14475	24583	1
14506	21909	1
14508	34506	1
14511	21635	1
14523	24349	1
14525	12297	1
14536	27598	1
14544	29656	1
14545	10761	1
14607	35942	1
14629	21816	1
14646	4554	1
14650	2487	1
14661	29707	1
14668	22666	1
14678	32032	1
14693	18407	1
14696	11525	1
14720	15231	1
14756	16545	1
14758	18254	1
14767	5296	1
14769	15861	1
14772	4991	1
14775	7637	1
14792	35315	1
14804	6800	1
14810	15668	1
14813	30457	1
14832	27101	1
14843	32301	1
14857	9339	1
14885	17630	1
14903	12552	1
14903	20813	1
14906	16707	1
14912	14999	1
14919	28380	1
14947	9852	1
14960	48	1
14964	31969	1
14970	28300	1
14987	6209	1
15018	34530	1
15036	10630	1
15050	23689	1
15072	16646	1
15073	7354	1
15073	22284	1
15086	24185	1
15086	35334	1
15089	6506	1
15090	18068	1
15113	25989	1
15118	12874	1
15164	32373	1
15167	10656	1
15181	27041	1
15186	15805	1
15199	23825	1
15211	587	1
15236	33306	1
15268	1488	1
15271	22315	1
15274	15989	1
15286	27392	1
15290	19274	1
15305	31101	1
15309	14715	1
15323	23026	1
15324	2589	1
15330	30553	1
15332	974	1
15340	34015	1
15353	22432	1
15354	16263	1
15356	27463	1
15357	7347	1
15377	1755	1
15383	25019	1
15396	32563	1
15398	23758	1
15399	28039	1
15401	11176	1
15403	10993	1
15406	25183	1
15416	12456	1
15449	19963	1
15475	17113	1
15490	25277	1
15492	13781	1
15531	15977	1
15538	732	1
15538	24864	1
15550	9235	1
15556	12727	1
15567	22892	1
15577	20282	1
15581	2133	1
15590	24284	1
15590	29629	1
15599	599	1
15602	16701	1
15604	19841	1
15606	11940	1
15606	25148	1
15612	35432	1
15613	27692	1
15616	17312	1
15650	27844	1
15657	7163	1
15658	28787	1
15659	16306	1
15691	31296	1
15695	15323	1
15703	31315	1
15719	28457	1
15726	34230	1
15732	32380	1
15740	6883	1
15742	34600	1
15749	21737	1
15763	20798	1
15768	30700	1
15781	33824	1
15785	10768	1
15785	35223	1
15790	22423	1
15796	34439	1
15817	16188	1
15839	23336	1
15840	13296	1
15853	31035	1
15880	29605	1
15889	3436	1
15889	27418	1
15907	9215	1
15911	17227	1
15913	1093	1
15932	29639	1
15937	6383	1
15943	30715	1
15947	6163	1
15957	19979	1
15984	21260	1
16011	8505	1
16024	16082	1
16042	19991	1
16079	19360	1
16084	24916	1
16084	28451	1
16143	32376	1
16148	23237	1
16152	27322	1
16166	18748	1
16170	35297	1
16186	16453	1
16204	34130	1
16207	30903	1
16244	28598	1
16281	1899	1
16282	24564	1
16285	14593	1
16295	28873	1
16297	26009	1
16305	26194	1
16308	9412	1
16311	10810	1
16313	12616	1
16313	31223	1
16321	25200	1
16327	24808	1
16346	4567	1
16346	7421	1
16358	3567	1
16359	32667	1
16377	13001	1
16384	24709	1
16390	14772	1
16398	23477	1
16417	29008	1
16464	22916	1
16465	22376	1
16476	13058	1
16476	21922	1
16488	32437	1
16514	18103	1
16525	9562	1
16550	27041	1
16553	15779	1
16554	16548	1
16592	27327	1
16604	33897	1
16618	1188	1
16649	30709	1
16655	29246	1
16666	4426	1
16671	24905	1
16687	23983	1
16691	5174	1
16736	360	1
16753	1154	1
16755	19948	1
16755	25448	1
16760	27207	1
16772	12490	1
16774	29222	1
16779	19218	1
16806	28771	1
16810	30031	1
16821	23603	1
16834	22716	1
16843	5204	1
16867	4944	1
16868	27605	1
16880	19867	1
16892	11678	1
16905	16044	1
16918	24890	1
16939	214	1
16955	3732	1
16956	31351	1
16968	1606	1
17004	11844	1
17006	33397	1
17008	32698	1
17015	36304	1
17026	10806	1
17028	7054	1
17029	35099	1
17043	15141	1
17047	10772	1
17066	7213	1
17098	13993	1
17125	27866	1
17137	10556	1
17157	20203	1
17163	29644	1
17182	29190	1
17196	28340	1
17210	13160	1
17226	30815	1
17227	31425	1
17239	5894	1
17248	5810	1
17249	19335	1
17269	24551	1
17270	31446	1
17293	3067	1
17316	27852	1
17321	6388	1
17349	3686	1
17351	31361	1
17357	27332	1
17387	14776	1
17396	2011	1
17407	22226	1
17414	14116	1
17415	30052	1
17443	18312	1
17447	3041	1
17469	23943	1
17477	15702	1
17486	7113	1
17489	11947	1
17516	1110	1
17532	10902	1
17554	32487	1
17558	9169	1
17569	29191	1
17574	7725	1
17578	24596	1
17589	1613	1
17591	823	1
17593	32822	1
17597	4685	1
17630	27558	1
17641	11640	1
17650	8380	1
17658	28387	1
17662	17916	1
17669	18065	1
17674	27961	1
17684	15043	1
17687	21321	1
17695	23636	1
17705	30749	1
17723	8935	1
17738	27151	1
17744	9637	1
17756	8928	1
17767	13247	1
17771	591	1
17772	7694	1
17789	26983	1
17792	8737	1
17802	1176	1
17806	13480	1
17822	20457	1
17863	27566	1
17872	35494	1
17880	17210	1
17925	20709	1
17936	658	1
17937	3037	1
17939	10478	1
17961	3440	1
17979	17489	1
18034	12253	1
18070	31684	1
18078	15088	1
18109	23349	1
18124	7330	1
18124	15791	1
18133	36639	1
18137	7339	1
18151	14197	1
18155	3416	1
18169	35375	1
18170	28736	1
18171	27164	1
18173	32116	1
18193	31078	1
18194	17581	1
18196	2615	1
18209	12782	1
18211	11673	1
18222	13185	1
18229	15488	1
18229	34708	1
18251	29471	1
18292	28893	1
18294	34484	1
18299	911	1
18301	1292	1
18314	32684	1
18315	32395	1
18317	16883	1
18327	15199	1
18340	13423	1
18348	17690	1
18372	33785	1
18376	10441	1
18379	11105	1
18396	1649	1
18412	26627	1
18423	28357	1
18427	15041	1
18428	15575	1
18436	6269	1
18441	34179	1
18449	1168	1
18451	627	1
18468	17504	1
18469	35530	1
18478	16679	1
18496	8618	1
18498	12754	1
18557	13894	1
18600	34635	1
18619	26834	1
18632	13578	1
18644	17971	1
18655	33503	1
18669	18364	1
18671	33339	1
18672	2725	1
18678	18194	1
18690	27737	1
18698	34264	1
18700	4870	1
18707	26512	1
18718	19358	1
18754	12963	1
18755	3688	1
18768	13092	1
18774	6099	1
18778	28438	1
18783	17979	1
18790	31621	1
18803	11755	1
18809	16526	1
18809	19358	1
18842	14037	1
18845	26809	1
18847	15292	1
18848	34792	1
18854	1845	1
18865	9222	1
18869	33043	1
18882	12025	1
18882	31748	1
18920	3808	1
18923	25119	1
18950	27029	1
18990	20180	1
18992	29559	1
19007	20551	1
19022	18713	1
19022	19770	1
19031	2129	1
19035	29725	1
19035	30698	1
19042	1624	1
19046	20557	1
19049	22998	1
19067	16156	1
19084	12864	1
19090	25954	1
19095	35727	1
19110	36657	1
19160	8646	1
19161	12748	1
19170	27189	1
19225	19130	1
19242	33088	1
19248	28782	1
19256	30022	1
19269	2926	1
19274	9689	1
19279	6769	1
19286	6904	1
19319	8416	1
19323	10673	1
19333	1964	1
19351	32291	1
19359	23668	1
19370	27173	1
19377	35464	1
19388	14020	1
19390	31662	1
19402	33279	1
19437	33007	1
19444	16135	1
19448	419	1
19455	34378	1
19470	23604	1
19476	6801	1
19479	11908	1
19480	30246	1
19490	25411	1
19503	31643	1
19505	1739	1
19508	27871	1
19524	596	1
19525	4505	1
19530	16909	1
19539	5146	1
19543	22769	1
19545	17429	1
19547	32914	1
19551	20141	1
19565	11875	1
19567	11384	1
19569	9093	1
19587	1364	1
19622	17426	1
19627	10031	1
19640	17448	1
19641	33211	1
19675	26939	1
19691	19702	1
19708	977	1
19712	22622	1
19726	5416	1
19727	7602	1
19729	29444	1
19732	17590	1
19732	26104	1
19764	20700	1
19767	10067	1
19774	21581	1
19781	6171	1
19793	31229	1
19794	7691	1
19795	17149	1
19798	27631	1
19801	8656	1
19835	22842	1
19839	36676	1
19865	29205	1
19873	31555	1
19938	2763	1
19956	8082	1
19957	33854	1
19958	32184	1
19977	4093	1
19979	30772	1
20028	21526	1
20030	12834	1
20040	1325	1
20049	1873	1
20076	28605	1
20082	3484	1
20089	15084	1
20106	2111	1
20110	5952	1
20122	19558	1
20139	23550	1
20147	24822	1
20148	5678	1
20175	15728	1
20218	12815	1
20223	328	1
20272	35979	1
20284	25462	1
20285	12526	1
20292	3420	1
20296	21830	1
20315	18713	1
20321	19763	1
20337	12299	1
20349	6669	1
20360	1468	1
20372	26478	1
20384	22331	1
20385	23623	1
20414	6352	1
20425	3657	1
20445	9030	1
20445	23003	1
20451	21437	1
20453	4662	1
20458	17895	1
20469	17829	1
20482	24770	1
20522	10752	1
20542	10381	1
20545	5688	1
20546	9712	1
20553	29331	1
20570	8135	1
20582	35363	1
20586	32071	1
20591	17475	1
20596	11948	1
20607	7582	1
20626	31227	1
20628	25941	1
20662	18697	1
20676	7650	1
20679	29771	1
20684	22427	1
20696	23723	1
20696	33038	1
20709	6255	1
20731	21140	1
20737	9743	1
20738	18716	1
20749	15246	1
20783	3322	1
20788	7522	1
20789	247	1
20816	9321	1
20820	12066	1
20821	21959	1
20831	3306	1
20838	30022	1
20841	27413	1
20846	34639	1
20853	27780	1
20884	19339	1
20917	14411	1
20917	36426	1
20925	4642	1
20976	29231	1
20981	27260	1
20992	32473	1
21015	26489	1
21023	13640	1
21027	19263	1
21027	31207	1
21029	13945	1
21046	27990	1
21049	32148	1
21053	16378	1
21074	12917	1
21075	19829	1
21100	32918	1
21120	11018	1
21140	21246	1
21153	33672	1
21160	10149	1
21160	15379	1
21162	864	1
21163	32150	1
21164	9765	1
21181	29168	1
21191	30473	1
21194	22188	1
21199	17384	1
21204	26967	1
21219	19297	1
21222	4690	1
21245	28224	1
21255	17112	1
21264	33070	1
21289	25998	1
21299	5995	1
21308	2214	1
21318	821	1
21318	14385	1
21318	36498	1
21325	3241	1
21334	26216	1
21340	32300	1
21355	9306	1
21372	25605	1
21377	34371	1
21383	921	1
21400	26827	1
21401	28931	1
21418	3358	1
21424	33645	1
21425	9029	1
21431	22380	1
21434	18960	1
21448	17995	1
21452	30100	1
21454	11999	1
21471	24886	1
21479	31401	1
21494	3369	1
21507	23473	1
21520	541	1
21545	29961	1
21588	32664	1
21625	29145	1
21632	24070	1
21633	1183	1
21644	24239	1
21648	20230	1
21648	30558	1
21677	23228	1
21698	30770	1
21709	14819	1
21727	20838	1
21741	17309	1
21765	18871	1
21771	12063	1
21779	30051	1
21780	8265	1
21781	13353	1
21783	4101	1
21785	12487	1
21788	21192	1
21801	17376	1
21808	5985	1
21827	17407	1
21856	5293	1
21866	12015	1
21866	16140	1
21880	4953	1
21895	22734	1
21907	24850	1
21987	26722	1
21989	2379	1
22003	17740	1
22020	33292	1
22024	35924	1
22033	27446	1
22035	33792	1
22053	13931	1
22085	429	1
22088	7564	1
22095	15553	1
22108	20678	1
22123	3432	1
22126	8665	1
22128	1864	1
22128	32950	1
22141	21751	1
22144	11395	1
22147	18598	1
22156	24329	1
22157	8471	1
22159	34256	1
22164	32845	1
22165	20942	1
22182	33766	1
22185	36273	1
22216	16458	1
22220	4359	1
22232	31080	1
22233	193	1
22249	25553	1
22254	10353	1
22255	12142	1
22255	34285	1
22291	26844	1
22311	34459	1
22316	13910	1
22337	18548	1
22351	34921	1
22358	17583	1
22411	29862	1
22421	9227	1
22429	25898	1
22434	28853	1
22449	24007	1
22474	3453	1
22495	14627	1
22496	1334	1
22515	28672	1
22519	15852	1
22533	13384	1
22543	14432	1
22555	2076	1
22555	18909	1
22563	4094	1
22577	13628	1
22579	16953	1
22583	29897	1
22586	32876	1
22599	606	1
22606	12040	1
22622	7949	1
22674	2062	1
22684	19088	1
22687	4415	1
22703	22519	1
22731	8366	1
22733	33783	1
22739	4725	1
22744	36447	1
22745	5873	1
22746	36148	1
22775	16810	1
22775	28724	1
22790	28618	1
22795	14069	1
22795	34091	1
22823	7912	1
22832	26599	1
22842	10599	1
22847	36293	1
22849	18561	1
22858	2589	1
22872	15697	1
22885	12170	1
22894	23277	1
22907	12516	1
22918	33152	1
22928	32110	1
22947	9102	1
22950	28292	1
22952	32028	1
22968	12310	1
22995	15753	1
23000	32835	1
23008	13748	1
23017	26553	1
23036	12466	1
23044	25272	1
23077	15169	1
23084	3979	1
23098	13769	1
23109	10592	1
23135	16070	1
23148	19105	1
23151	1444	1
23157	36074	1
23160	8181	1
23208	30078	1
23212	610	1
23212	14140	1
23218	28025	1
23231	21562	1
23231	29234	1
23261	14237	1
23307	3797	1
23315	22432	1
23338	17166	1
23346	27738	1
23407	6949	1
23421	34380	1
23430	23554	1
23431	34865	1
23437	26086	1
23457	28596	1
23460	22860	1
23475	8626	1
23491	17790	1
23492	20852	1
23505	32151	1
23520	26573	1
23535	15508	1
23538	1890	1
23556	8484	1
23570	11351	1
23576	24737	1
23577	10214	1
23607	23924	1
23613	13462	1
23613	30638	1
23617	25238	1
23625	7662	1
23629	20974	1
23648	33013	1
23657	34536	1
23661	10527	1
23735	29752	1
23736	35294	1
23741	35407	1
23745	15557	1
23746	16214	1
23776	10659	1
23784	24315	1
23785	6669	1
23791	16167	1
23804	20279	1
23811	17831	1
23824	26990	1
23828	34892	1
23830	11518	1
23835	6618	1
23858	20085	1
23868	19497	1
23871	34940	1
23883	16510	1
23888	6615	1
23941	15013	1
23946	10771	1
23959	3803	1
23970	24908	1
23975	13628	1
24011	11417	1
24021	23166	1
24027	5193	1
24038	4990	1
24040	19652	1
24048	15873	1
24068	9582	1
24068	12524	1
24071	8830	1
24076	20248	1
24085	34666	1
24095	7164	1
24122	23837	1
24139	2245	1
24144	6846	1
24148	31230	1
24152	14219	1
24157	16298	1
24161	29452	1
24165	8169	1
24166	8380	1
24191	19301	1
24193	11192	1
24206	5654	1
24207	19670	1
24214	10318	1
24216	9524	1
24225	10509	1
24228	8195	1
24233	20670	1
24244	31666	1
24246	25718	1
24250	17848	1
24253	21538	1
24259	25000	1
24278	6337	1
24283	5394	1
24325	16781	1
24328	16010	1
24375	6831	1
24376	21862	1
24383	31572	1
24385	32709	1
24404	14381	1
24415	32326	1
24420	1843	1
24440	32115	1
24452	3326	1
24454	29769	1
24460	23620	1
24472	3159	1
24477	18822	1
24494	1365	1
24544	5969	1
24549	32252	1
24553	14336	1
24562	24893	1
24604	12549	1
24638	13166	1
24644	35760	1
24646	20379	1
24648	5971	1
24672	25172	1
24685	29049	1
24689	23878	1
24725	23244	1
24727	13377	1
24733	11178	1
24747	30218	1
24762	19208	1
24763	36390	1
24765	28693	1
24777	2735	1
24812	4425	1
24815	1246	1
24843	14602	1
24850	25192	1
24881	8727	1
24881	13852	1
24882	25972	1
24884	28007	1
24899	17157	1
24906	13773	1
24909	4347	1
24929	19110	1
24931	20223	1
24933	28729	1
24965	26409	1
24977	10412	1
24991	26464	1
24995	30971	1
24995	31165	1
24997	18432	1
25003	9523	1
25004	25161	1
25013	7821	1
25024	11484	1
25032	14587	1
25036	17537	1
25044	8745	1
25051	34673	1
25055	28727	1
25062	29809	1
25066	25401	1
25074	19439	1
25084	8226	1
25097	2326	1
25105	31456	1
25111	24723	1
25114	19661	1
25115	33816	1
25129	25067	1
25142	22917	1
25147	9112	1
25189	31557	1
25196	7056	1
25203	22258	1
25215	11137	1
25218	29870	1
25224	26805	1
25231	10158	1
25237	21622	1
25240	16187	1
25249	3433	1
25276	5008	1
25282	481	1
25285	28821	1
25293	12329	1
25296	11750	1
25304	12209	1
25306	12579	1
25308	28604	1
25308	32898	1
25321	35997	1
25323	27671	1
25329	21065	1
25333	26715	1
25340	12834	1
25371	2584	1
25385	22532	1
25389	695	1
25394	10233	1
25394	20570	1
25395	31473	1
25396	1010	1
25424	26258	1
25455	19107	1
25484	9500	1
25504	20843	1
25505	8871	1
25507	23552	1
25508	20458	1
25515	12657	1
25536	33890	1
25539	32797	1
25559	21666	1
25590	19309	1
25598	18125	1
25618	27813	1
25629	4166	1
25654	11181	1
25656	35643	1
25658	29632	1
25664	11345	1
25680	9387	1
25681	18065	1
25697	21368	1
25703	13349	1
25704	26939	1
25708	29300	1
25715	22535	1
25726	34987	1
25736	15365	1
25740	2215	1
25743	13548	1
25749	13235	1
25765	4196	1
25772	31893	1
25778	13628	1
25803	31828	1
25812	14552	1
25828	24439	1
25851	36009	1
25854	4885	1
25864	29893	1
25885	22933	1
25909	15733	1
25917	12169	1
25930	8402	1
25943	4856	1
25945	18062	1
25951	6758	1
25967	10190	1
25969	3127	1
25969	15280	1
25976	14524	1
25994	11729	1
26005	27613	1
26028	36300	1
26035	20407	1
26065	12391	1
26086	6249	1
26086	11227	1
26090	30454	1
26092	24484	1
26102	6294	1
26118	9576	1
26128	21115	1
26180	16591	1
26207	29202	1
26214	9064	1
26218	14322	1
26222	22790	1
26254	24283	1
26265	11922	1
26276	7385	1
26293	13711	1
26296	20843	1
26297	10941	1
26301	13671	1
26309	8869	1
26324	14508	1
26330	25713	1
26332	23246	1
26333	20259	1
26343	17196	1
26348	26356	1
26354	3712	1
26372	29555	1
26385	14661	1
26405	11075	1
26437	21164	1
26442	12824	1
26451	2464	1
26458	21020	1
26475	7994	1
26475	9974	1
26496	13251	1
26505	14119	1
26524	29719	1
26544	5851	1
26561	26829	1
26569	30218	1
26579	511	1
26581	3049	1
26586	3499	1
26592	34700	1
26611	4450	1
26612	27376	1
26613	35994	1
26617	5909	1
26621	22854	1
26634	21625	1
26638	13582	1
26638	20997	1
26661	29043	1
26673	16483	1
26674	18157	1
26685	29669	1
26698	23097	1
26699	5862	1
26717	15623	1
26721	29839	1
26728	7938	1
26737	34147	1
26739	9958	1
26753	27835	1
26761	31892	1
26786	19373	1
26790	13793	1
26802	8849	1
26817	11675	1
26831	34982	1
26850	13049	1
26869	13825	1
26908	5524	1
26916	28658	1
26918	20426	1
26927	9559	1
26931	28654	1
26952	33460	1
26966	29529	1
26977	32675	1
26978	30944	1
26984	21673	1
26993	7164	1
27003	28742	1
27008	30715	1
27012	6518	1
27018	14333	1
27028	26829	1
27038	35097	1
27055	30095	1
27058	16298	1
27065	16946	1
27082	25865	1
27091	11824	1
27093	26157	1
27120	9455	1
27122	23702	1
27129	10796	1
27129	33831	1
27149	21386	1
27183	15164	1
27185	19887	1
27185	35417	1
27203	29414	1
27210	4921	1
27212	1249	1
27218	28183	1
27219	28563	1
27224	22346	1
27227	22670	1
27254	31478	1
27255	24913	1
27261	12580	1
27280	10640	1
27281	9834	1
27294	22808	1
27298	2138	1
27300	32638	1
27350	1704	1
27369	30904	1
27370	8519	1
27386	88	1
27386	17004	1
27402	15609	1
27412	33200	1
27426	11471	1
27443	16070	1
27447	33202	1
27448	30175	1
27464	19977	1
27469	6893	1
27472	34927	1
27484	33246	1
27511	34050	1
27523	30407	1
27525	26086	1
27527	644	1
27545	24954	1
27546	32357	1
27554	5215	1
27558	17581	1
27563	20079	1
27572	28826	1
27576	412	1
27585	11437	1
27594	26239	1
27596	8983	1
27611	17840	1
27617	10061	1
27627	10223	1
27629	10361	1
27639	3589	1
27646	11077	1
27651	20034	1
27660	8903	1
27662	8432	1
27668	35669	1
27672	31845	1
27674	6226	1
27679	15567	1
27688	9626	1
27692	29821	1
27693	28299	1
27694	31321	1
27695	30711	1
27696	35785	1
27710	27063	1
27741	14614	1
27752	28640	1
27753	19282	1
27753	21818	1
27773	25598	1
27792	4129	1
27796	33222	1
27797	29460	1
27799	18126	1
27806	11985	1
27820	16377	1
27824	24683	1
27830	29729	1
27834	28632	1
27856	29990	1
27867	14758	1
27887	13065	1
27913	24780	1
27921	34087	1
27923	16001	1
27925	30835	1
27987	13238	1
28006	20992	1
28015	15320	1
28049	26245	1
28077	14803	1
28081	23035	1
28089	1451	1
28090	22192	1
28121	35260	1
28124	3834	1
28148	19225	1
28161	11198	1
28172	17966	1
28175	3494	1
28176	24887	1
28190	35717	1
28191	21072	1
28204	24768	1
28219	36555	1
28220	35529	1
28228	31890	1
28232	24306	1
28236	23820	1
28240	35910	1
28247	28416	1
28256	15813	1
28257	8586	1
28269	8565	1
28277	11478	1
28277	33382	1
28279	32519	1
28282	34976	1
28298	7682	1
28332	24588	1
28342	26189	1
28342	26239	1
28371	6669	1
28375	17313	1
28386	27668	1
28399	26168	1
28428	14176	1
28452	28510	1
28467	33040	1
28469	17978	1
28475	17222	1
28518	16750	1
28519	16710	1
28521	19340	1
28528	7838	1
28534	20907	1
28550	204	1
28579	227	1
28599	17393	1
28613	25843	1
28643	34355	1
28644	20084	1
28656	32686	1
28659	22913	1
28670	30254	1
28675	29158	1
28678	25468	1
28698	13643	1
28698	33486	1
28715	27451	1
28716	28098	1
28717	32476	1
28719	1768	1
28727	33268	1
28729	22652	1
28731	25211	1
28732	9366	1
28737	35024	1
28766	11923	1
28770	2705	1
28780	7555	1
28804	2447	1
28832	7011	1
28834	7723	1
28836	21481	1
28840	35973	1
28854	13783	1
28854	35021	1
28855	5192	1
28872	3694	1
28880	22127	1
28901	24496	1
28906	28031	1
28934	19420	1
28958	6303	1
28979	11532	1
28992	25570	1
28995	17641	1
28996	33221	1
28997	23746	1
29010	3015	1
29024	4787	1
29079	125	1
29091	28760	1
29121	27128	1
29125	11737	1
29142	2154	1
29149	22985	1
29164	8268	1
29168	11775	1
29175	15657	1
29183	3225	1
29194	16686	1
29200	22987	1
29203	27930	1
29206	9508	1
29251	24994	1
29257	12027	1
29265	26402	1
29278	20242	1
29283	3939	1
29284	17376	1
29295	26848	1
29300	1746	1
29326	32663	1
29331	4989	1
29352	14128	1
29357	13547	1
29385	8187	1
29386	18427	1
29403	35315	1
29423	21549	1
29438	26927	1
29443	12142	1
29459	22776	1
29462	4973	1
29473	3404	1
29476	19986	1
29486	24425	1
29490	20695	1
29530	19030	1
29531	16394	1
29534	13214	1
29541	26003	1
29551	882	1
29566	974	1
29571	7376	1
29586	31213	1
29589	27260	1
29592	18282	1
29596	20017	1
29599	6073	1
29606	34608	1
29612	35441	1
29615	35070	1
29617	23465	1
29628	19549	1
29642	25825	1
29668	6900	1
29682	6651	1
29683	8948	1
29693	707	1
29706	4821	1
29709	26959	1
29712	22492	1
29721	6309	1
29728	36046	1
29737	2698	1
29741	30464	1
29747	23856	1
29747	24407	1
29760	10191	1
29779	12016	1
29783	13417	1
29787	9672	1
29795	23336	1
29796	21575	1
29796	31410	1
29798	35646	1
29799	15461	1
29800	34090	1
29840	22025	1
29851	1169	1
29854	6847	1
29870	20643	1
29888	33660	1
29893	28796	1
29897	13691	1
29911	25572	1
29945	7332	1
29948	25561	1
29965	21891	1
29973	34161	1
29975	4433	1
30015	32919	1
30027	29305	1
30027	29710	1
30029	9824	1
30031	6653	1
30034	21159	1
30040	24189	1
30045	23305	1
30048	5754	1
30052	12685	1
30069	15158	1
30092	27456	1
30121	7394	1
30162	26635	1
30166	29	1
30173	23508	1
30176	33947	1
30187	22599	1
30191	28945	1
30192	31022	1
30233	34414	1
30247	2959	1
30249	10340	1
30249	19871	1
30253	13427	1
30287	28355	1
30290	26154	1
30311	34492	1
30315	15567	1
30328	12897	1
30333	13541	1
30335	6043	1
30354	2418	1
30362	21173	1
30374	1918	1
30379	25545	1
30388	8524	1
30397	6656	1
30399	16883	1
30401	11261	1
30403	12425	1
30411	8636	1
30422	20917	1
30424	16876	1
30458	21454	1
30459	33931	1
30464	21775	1
30468	28908	1
30473	27536	1
30474	30246	1
30499	23032	1
30510	520	1
30513	26025	1
30522	655	1
30546	35666	1
30566	17646	1
30567	13107	1
30576	9508	1
30587	34539	1
30588	31554	1
30589	16826	1
30603	5436	1
30605	22992	1
30605	34693	1
30621	6200	1
30636	6952	1
30653	28344	1
30660	556	1
30662	3186	1
30665	26886	1
30698	10051	1
30700	28468	1
30718	35049	1
30720	7523	1
30726	10084	1
30727	5268	1
30765	7368	1
30769	28185	1
30770	17968	1
30820	15078	1
30832	1645	1
30846	14517	1
30864	13467	1
30870	16187	1
30883	9946	1
30887	1225	1
30907	34160	1
30912	30261	1
30913	5894	1
30918	1587	1
30948	22538	1
30953	28964	1
30954	3351	1
30954	11738	1
30984	6717	1
31024	26976	1
31027	36329	1
31061	31346	1
31076	4478	1
31076	13139	1
31090	14588	1
31095	30969	1
31096	31483	1
31096	31551	1
31120	25880	1
31149	500	1
31155	16466	1
31160	16509	1
31167	19869	1
31187	13116	1
31191	14671	1
31194	28318	1
31205	29264	1
31214	11600	1
31216	27647	1
31219	13403	1
31251	15939	1
31259	23911	1
31284	31574	1
31297	35378	1
31308	32491	1
31309	7530	1
31318	25137	1
31356	24590	1
31357	7321	1
31386	29163	1
31393	35220	1
31401	4396	1
31419	28586	1
31445	22748	1
31447	33731	1
31448	7461	1
31452	14045	1
31464	18390	1
31474	4157	1
31479	5889	1
31486	5033	1
31497	11020	1
31504	3093	1
31520	29660	1
31521	18833	1
31522	24347	1
31529	17000	1
31531	567	1
31534	36643	1
31539	21689	1
31554	21940	1
31570	8602	1
31579	8529	1
31584	5212	1
31587	18823	1
31593	25213	1
31603	3300	1
31611	14236	1
31623	6316	1
31628	10817	1
31661	13442	1
31693	6638	1
31694	35797	1
31737	21572	1
31750	5915	1
31766	11964	1
31774	1297	1
31817	25244	1
31822	19184	1
31842	32360	1
31843	11953	1
31853	26966	1
31866	26424	1
31872	1808	1
31882	23502	1
31903	14155	1
31904	16049	1
31906	9238	1
31930	15072	1
31937	9802	1
31942	28290	1
31962	15031	1
31962	22553	1
31964	17189	1
31976	28396	1
31996	4658	1
32015	26941	1
32020	31252	1
32025	13876	1
32061	27760	1
32075	35932	1
32091	16304	1
32092	5732	1
32111	28770	1
32115	22811	1
32133	7178	1
32150	31810	1
32162	5	1
32168	35761	1
32170	25439	1
32171	26526	1
32178	20689	1
32180	12304	1
32182	24790	1
32182	31983	1
32187	18241	1
32191	278	1
32197	33829	1
32207	6170	1
32213	23678	1
32214	19131	1
32214	34291	1
32215	16693	1
32215	26262	1
32216	344	1
32220	27268	1
32246	8839	1
32248	24706	1
32256	21494	1
32260	3449	1
32264	29668	1
32267	20148	1
32271	25253	1
32279	31031	1
32294	14513	1
32295	1225	1
32295	3104	1
32311	963	1
32323	23363	1
32328	4104	1
32336	24795	1
32357	13138	1
32362	25407	1
32374	7290	1
32393	7180	1
32393	15632	1
32395	1070	1
32403	5049	1
32405	1121	1
32453	21897	1
32459	25855	1
32469	5652	1
32470	11086	1
32481	17360	1
32486	23793	1
32496	11425	1
32496	36057	1
32497	11457	1
32534	22782	1
32543	17424	1
32550	29698	1
32551	24325	1
32560	4258	1
32563	32337	1
32575	16468	1
32575	28375	1
32591	24998	1
32612	3805	1
32623	32370	1
32637	28081	1
32647	21103	1
32666	31313	1
32687	20321	1
32690	25724	1
32694	2888	1
32722	7567	1
32751	10690	1
32752	22660	1
32764	25471	1
32768	25337	1
32801	32089	1
32804	27945	1
32810	30878	1
32829	21134	1
32832	12039	1
32882	32077	1
32887	33679	1
32915	35498	1
32952	23529	1
32952	29649	1
32962	15302	1
32966	31585	1
32976	7164	1
32982	4019	1
32997	993	1
32999	27038	1
33004	30291	1
33005	20855	1
33009	16271	1
33018	4378	1
33025	34766	1
33027	8650	1
33033	18825	1
33060	23994	1
33063	16330	1
33079	34125	1
33092	13299	1
33099	866	1
33115	4685	1
33130	18169	1
33131	11874	1
33133	7586	1
33153	23098	1
33159	5976	1
33168	17401	1
33188	17220	1
33193	25387	1
33211	7461	1
33219	11399	1
33245	6038	1
33253	17131	1
33272	7341	1
33275	27922	1
33283	34284	1
33288	7775	1
33289	727	1
33289	25862	1
33289	26266	1
33293	26416	1
33313	6524	1
33327	26481	1
33335	11268	1
33340	22580	1
33376	9425	1
33384	21392	1
33392	14831	1
33423	21580	1
33435	9840	1
33441	16913	1
33450	30131	1
33463	14390	1
33470	24763	1
33472	5353	1
33485	1850	1
33507	18057	1
33523	1475	1
33524	13323	1
33545	3519	1
33548	6190	1
33548	30718	1
33558	1059	1
33579	35403	1
33580	836	1
33584	15809	1
33590	18863	1
33598	28101	1
33600	25040	1
33609	12910	1
33625	4912	1
33641	28449	1
33643	660	1
33667	5167	1
33672	36388	1
33686	10438	1
33700	36604	1
33707	12322	1
33709	8390	1
33723	18871	1
33743	17335	1
33754	36215	1
33760	30271	1
33772	31626	1
33772	34151	1
33791	9906	1
33806	7766	1
33815	28911	1
33838	12763	1
33852	23955	1
33855	10334	1
33878	3694	1
33886	7935	1
33904	11552	1
33911	20005	1
33920	22905	1
33926	1569	1
33926	4635	1
33932	4220	1
33934	18291	1
33988	31760	1
33994	972	1
34011	18308	1
34026	29722	1
34032	18134	1
34040	18417	1
34054	2697	1
34058	11159	1
34069	16259	1
34100	2733	1
34111	23775	1
34114	33301	1
34117	3411	1
34118	5717	1
34118	8189	1
34133	3367	1
34138	28453	1
34161	11704	1
34161	34964	1
34164	24702	1
34165	32774	1
34165	36206	1
34168	19712	1
34189	2308	1
34212	36653	1
34220	9249	1
34223	19728	1
34270	2471	1
34307	35602	1
34327	11920	1
34334	28342	1
34347	24382	1
34349	11277	1
34378	33445	1
34411	32682	1
34413	23408	1
34420	15732	1
34421	21845	1
34424	8777	1
34440	6680	1
34449	22911	1
34460	23936	1
34470	8611	1
34489	22065	1
34492	25939	1
34507	9637	1
34514	5110	1
34514	11458	1
34515	33767	1
34524	35359	1
34547	11368	1
34552	9088	1
34568	28346	1
34572	19995	1
34573	23506	1
34594	3169	1
34606	2920	1
34615	14066	1
34615	32885	1
34622	24342	1
34622	34851	1
34643	7096	1
34643	15486	1
34654	16984	1
34665	16628	1
34665	35885	1
34666	9721	1
34675	22806	1
34683	13325	1
34688	787	1
34700	31098	1
34707	35344	1
34708	12801	1
34713	29716	1
34718	5561	1
34723	18355	1
34723	32711	1
34761	27398	1
34780	25364	1
34781	31080	1
34787	28101	1
34787	32860	1
34801	31859	1
34807	23339	1
34812	13913	1
34825	31772	1
34833	5465	1
34842	17035	1
34845	29554	1
34866	25003	1
34878	25888	1
34879	15209	1
34883	35597	1
34902	16606	1
34922	16840	1
34946	19480	1
34946	28641	1
34966	32714	1
34966	36605	1
34977	36048	1
34982	30578	1
35019	3227	1
35022	3331	1
35026	6822	1
35030	20910	1
35037	18079	1
35039	9644	1
35055	10339	1
35078	27275	1
35125	25647	1
35131	32273	1
35134	4443	1
35136	8415	1
35140	35624	1
35142	2802	1
35148	20834	1
35153	25602	1
35156	35946	1
35161	3798	1
35176	4993	1
35177	35530	1
35195	9843	1
35199	1903	1
35205	8875	1
35205	12777	1
35213	28067	1
35231	7501	1
35237	17777	1
35253	6028	1
35275	5153	1
35277	2991	1
35286	22432	1
35298	13011	1
35314	34516	1
35336	27641	1
35351	18952	1
35353	7170	1
35358	26356	1
35371	11637	1
35375	10874	1
35377	7863	1
35377	25031	1
35400	6640	1
35402	35768	1
35427	31200	1
35448	16492	1
35450	18616	1
35451	22446	1
35456	9942	1
35457	9801	1
35458	23265	1
35476	18010	1
35502	23923	1
35516	36030	1
35541	23226	1
35544	36170	1
35565	1952	1
35566	17146	1
35590	17755	1
35622	19045	1
35647	27606	1
35648	9879	1
35668	11336	1
35669	16329	1
35679	4215	1
35684	14589	1
35690	13593	1
35726	21635	1
35728	36521	1
35732	24466	1
35753	5614	1
35776	20189	1
35782	23606	1
35795	27534	1
35798	21920	1
35821	5742	1
35884	30908	1
35892	29561	1
35893	18188	1
35895	10808	1
35897	22879	1
35927	19690	1
35930	21159	1
35939	24655	1
35965	17215	1
35973	25542	1
35977	15797	1
35981	1057	1
36020	31087	1
36021	6187	1
36039	36322	1
36053	14626	1
36064	4760	1
36064	35540	1
36065	12742	1
36081	10536	1
36102	2137	1
36104	5337	1
36104	18462	1
36118	25029	1
36132	34939	1
36135	33379	1
36155	15124	1
36155	18987	1
36178	26059	1
36182	3681	1
36183	35778	1
36190	12191	1
36214	27775	1
36227	35218	1
36232	11798	1
36242	13069	1
36243	24963	1
36266	15077	1
36273	16415	1
36280	4524	1
36287	18945	1
36290	15295	1
36311	10556	1
36343	17362	1
36348	2605	1
36353	19798	1
36357	32457	1
36362	20649	1
36371	5174	1
36374	10904	1
36408	9006	1
36441	28657	1
36445	33440	1
36447	23596	1
36493	28766	1
36510	10032	1
36512	23275	1
36527	2560	1
36552	24844	1
36565	25931	1
36599	9403	1
36619	12469	1
36619	18916	1
36625	34753	1
36638	2652	1
36654	23663	1
36660	29488	1
36662	25617	1
36669	30271	1
36684	30412	1
